0 1 12.78 7.28
10 1 12.42 7.20
20 1 12.06 7.11
30 1 11.70 7.04
40 1 11.29 7.00
50 1 10.88 6.96
60 1 10.48 6.92
70 1 10.06 6.88
80 1 9.64 6.86
90 1 9.22 6.83
100 1 8.80 6.80
110 1 8.35 6.80
120 1 7.90 6.80
130 1 7.45 6.80
140 1 7.00 6.80
150 1 6.54 6.79
160 1 6.07 6.78
170 1 5.60 6.77
180 1 5.13 6.76
190 1 4.65 6.71
0 2 12.38 7.92
10 2 12.22 7.79
20 2 12.06 7.65
30 2 11.91 7.52
40 2 11.73 7.39
50 2 11.36 7.30
60 2 10.98 7.21
70 2 10.54 7.16
80 2 10.04 7.17
90 2 9.53 7.18
100 2 9.07 7.21
110 2 8.60 7.24
120 2 8.13 7.26
130 2 7.67 7.28
140 2 7.19 7.30
150 2 6.71 7.32
160 2 6.24 7.34
170 2 5.76 7.35
180 2 5.28 7.34
190 2 4.80 7.32
0 8 7.03 4.58
10 8 7.53 4.53
20 8 8.04 4.47
30 8 8.54 4.42
40 8 9.02 4.40
50 8 9.46 4.41
60 8 9.90 4.42
70 8 10.34 4.43
80 8 10.76 4.44
90 8 11.16 4.44
100 8 11.55 4.44
110 8 11.95 4.44
120 8 12.35 4.44
130 8 12.76 4.44
140 8 13.17 4.44
150 8 13.58 4.44
160 8 14.00 4.44
170 8 14.47 4.46
180 8 14.94 4.48
190 8 15.41 4.50
0 9 7.03 5.18
10 9 7.46 5.18
20 9 7.88 5.18
30 9 8.31 5.18
40 9 8.73 5.18
50 9 9.21 5.18
60 9 9.68 5.18
70 9 10.15 5.18
80 9 10.62 5.18
90 9 11.06 5.18
100 9 11.49 5.18
110 9 11.92 5.18
120 9 12.35 5.18
130 9 12.76 5.19
140 9 13.14 5.23
150 9 13.52 5.28
160 9 13.91 5.32
170 9 14.29 5.36
180 9 14.67 5.40
190 9 15.05 5.44
110 10 14.99 6.01
120 10 14.51 6.10
130 10 14.03 6.18
140 10 13.54 6.26
150 10 13.03 6.31
160 10 12.51 6.36
170 10 12.00 6.41
180 10 11.49 6.47
190 10 10.99 6.55
200 10 10.49 6.64
210 10 9.99 6.73
220 10 9.49 6.82
230 10 9.04 6.96
240 10 8.60 7.11
250 10 8.15 7.26
260 10 7.71 7.41
270 10 7.25 7.50
280 10 6.80 7.58
290 10 6.35 7.66
300 10 5.90 7.75
110 11 15.06 5.37
120 11 14.58 5.42
130 11 14.10 5.47
140 11 13.61 5.52
150 11 13.09 5.50
160 11 12.55 5.44
170 11 12.01 5.38
180 11 11.49 5.38
190 11 11.00 5.46
200 11 10.50 5.54
210 11 10.00 5.61
220 11 9.51 5.73
230 11 9.04 5.90
240 11 8.57 6.08
250 11 8.10 6.26
260 11 7.64 6.41
270 11 7.22 6.49
280 11 6.80 6.57
290 11 6.38 6.64
300 11 5.96 6.72
180 12 0.33 4.95
190 12 0.91 5.06
200 12 1.49 5.16
210 12 2.07 5.25
220 12 2.66 5.25
230 12 3.25 5.25
240 12 3.84 5.25
250 12 4.43 5.25
260 12 5.04 5.27
270 12 5.65 5.28
280 12 6.26 5.29
290 12 6.86 5.32
300 12 7.45 5.38
310 12 8.04 5.43
320 12 8.63 5.49
330 12 9.21 5.59
340 12 9.79 5.68
350 12 10.37 5.78
360 12 10.96 5.80
370 12 11.55 5.81
170 13 -0.13 4.51
180 13 0.44 4.52
190 13 1.00 4.52
200 13 1.56 4.53
210 13 2.12 4.56
220 13 2.70 4.64
230 13 3.27 4.72
240 13 3.85 4.79
250 13 4.42 4.87
260 13 4.99 4.94
270 13 5.56 5.00
280 13 6.14 5.07
290 13 6.71 5.13
300 13 7.35 5.16
310 13 7.98 5.18
320 13 8.61 5.20
330 13 9.24 5.23
340 13 9.87 5.27
350 13 10.50 5.32
360 13 11.13 5.37
320 14 0.24 4.80
330 14 0.60 4.75
340 14 0.96 4.70
350 14 1.32 4.65
360 14 1.68 4.61
370 14 2.04 4.60
380 14 2.40 4.59
390 14 2.75 4.58
400 14 3.11 4.57
410 14 3.47 4.57
420 14 3.83 4.56
430 14 4.13 4.56
440 14 4.43 4.56
450 14 4.72 4.56
460 14 5.02 4.56
470 14 5.39 4.54
480 14 5.76 4.52
490 14 6.14 4.50
500 14 6.53 4.51
510 14 6.97 4.57
320 15 0.15 4.30
330 15 0.51 4.25
340 15 0.88 4.20
350 15 1.24 4.14
360 15 1.60 4.10
370 15 1.96 4.08
380 15 2.33 4.07
390 15 2.69 4.05
400 15 3.05 4.04
410 15 3.42 4.03
420 15 3.80 4.02
430 15 4.18 4.01
440 15 4.57 4.00
450 15 4.95 3.99
460 15 5.30 3.99
470 15 5.64 3.99
480 15 5.99 3.99
490 15 6.34 3.99
500 15 6.70 4.00
510 15 7.07 4.07
320 16 15.02 4.41
330 16 14.43 4.36
340 16 13.85 4.31
350 16 13.27 4.26
360 16 12.67 4.31
370 16 12.07 4.39
380 16 11.46 4.47
390 16 10.86 4.56
400 16 10.29 4.77
410 16 9.72 4.99
420 16 9.16 5.20
430 16 8.59 5.42
440 16 8.08 5.64
450 16 7.56 5.86
460 16 7.05 6.08
470 16 6.55 6.30
480 16 6.08 6.52
490 16 5.61 6.74
500 16 5.13 6.96
510 16 4.66 7.17
330 17 -0.14 5.56
340 17 0.26 5.57
350 17 0.66 5.59
360 17 1.06 5.61
370 17 1.46 5.63
380 17 1.86 5.63
390 17 2.25 5.62
400 17 2.64 5.61
410 17 3.04 5.60
420 17 3.43 5.59
430 17 3.83 5.59
440 17 4.24 5.59
450 17 4.65 5.59
460 17 5.05 5.60
470 17 5.46 5.60
480 17 5.87 5.61
490 17 6.30 5.69
500 17 6.72 5.77
510 17 7.15 5.85
520 17 7.57 5.93
340 18 0.08 4.77
350 18 0.43 4.79
360 18 0.79 4.80
370 18 1.14 4.81
380 18 1.49 4.82
390 18 1.90 4.82
400 18 2.33 4.82
410 18 2.76 4.82
420 18 3.19 4.82
430 18 3.62 4.82
440 18 4.01 4.85
450 18 4.41 4.87
460 18 4.81 4.89
470 18 5.21 4.91
480 18 5.63 4.95
490 18 6.09 5.03
500 18 6.54 5.10
510 18 6.99 5.18
520 18 7.44 5.25
530 18 7.87 5.29
450 19 15.41 4.23
460 19 14.72 4.16
470 19 14.02 4.10
480 19 13.33 4.03
490 19 12.63 3.97
500 19 11.98 3.90
510 19 11.33 3.84
520 19 10.67 3.78
530 19 10.06 3.70
540 19 9.44 3.61
550 19 8.81 3.63
560 19 8.16 3.71
570 19 7.51 3.80
580 19 6.87 3.93
590 19 6.24 4.07
600 19 5.60 4.20
610 19 4.95 4.23
620 19 4.30 4.26
630 19 3.65 4.29
640 19 3.00 4.28
600 20 15.09 4.81
610 20 14.66 4.67
620 20 14.23 4.54
630 20 13.77 4.33
640 20 13.30 4.07
650 20 12.80 4.01
660 20 12.29 4.10
670 20 11.76 4.21
680 20 11.23 4.36
690 20 10.71 4.51
700 20 10.18 4.66
710 20 9.64 4.79
720 20 9.11 4.92
730 20 8.57 5.06
740 20 8.05 5.09
750 20 7.53 5.07
760 20 7.01 5.05
770 20 6.50 5.02
780 20 5.98 5.00
790 20 5.45 4.97
610 21 15.26 2.82
620 21 14.74 2.79
630 21 14.23 2.75
640 21 13.71 2.72
650 21 13.19 2.69
660 21 12.64 2.68
670 21 12.08 2.66
680 21 11.53 2.65
690 21 10.99 2.72
700 21 10.45 2.78
710 21 9.90 2.85
720 21 9.37 2.91
730 21 8.85 2.96
740 21 8.32 3.00
750 21 7.80 3.05
760 21 7.28 3.10
770 21 6.77 3.08
780 21 6.25 3.06
790 21 5.73 3.03
800 21 5.22 3.01
620 22 14.90 3.84
630 22 14.36 3.74
640 22 13.82 3.64
650 22 13.30 3.53
660 22 12.79 3.41
670 22 12.25 3.41
680 22 11.69 3.48
690 22 11.13 3.55
700 22 10.59 3.64
710 22 10.08 3.74
720 22 9.56 3.84
730 22 9.03 3.93
740 22 8.48 4.00
750 22 7.94 4.07
760 22 7.39 4.14
770 22 6.85 4.18
780 22 6.32 4.18
790 22 5.80 4.18
800 22 5.27 4.18
810 22 4.75 4.18
680 23 15.27 3.75
690 23 14.74 3.81
700 23 14.22 3.87
710 23 13.69 3.92
720 23 13.16 3.98
730 23 12.63 4.03
740 23 12.09 4.08
750 23 11.56 4.12
760 23 11.02 4.17
770 23 10.48 4.20
780 23 9.95 4.23
790 23 9.41 4.26
800 23 8.87 4.29
810 23 8.37 4.31
820 23 7.87 4.33
830 23 7.37 4.34
840 23 6.87 4.36
850 23 6.38 4.37
860 23 5.90 4.39
870 23 5.42 4.40
680 24 15.28 4.23
690 24 14.73 4.30
700 24 14.18 4.37
710 24 13.64 4.44
720 24 13.09 4.51
730 24 12.59 4.57
740 24 12.09 4.63
750 24 11.58 4.69
760 24 11.08 4.75
770 24 10.58 4.80
780 24 10.07 4.84
790 24 9.57 4.89
800 24 9.07 4.93
810 24 8.56 4.96
820 24 8.07 4.95
830 24 7.58 4.94
840 24 7.08 4.93
850 24 6.59 4.92
860 24 6.11 4.92
870 24 5.63 4.93
710 25 14.87 4.68
720 25 14.32 4.82
730 25 13.72 4.98
740 25 13.02 5.21
750 25 12.34 5.44
760 25 11.71 5.69
770 25 11.09 5.94
780 25 10.47 6.21
790 25 9.87 6.49
800 25 9.26 6.77
810 25 8.64 6.98
820 25 8.01 7.17
830 25 7.39 7.35
840 25 6.75 7.47
850 25 6.11 7.59
860 25 5.47 7.71
870 25 4.83 7.81
880 25 4.19 7.92
890 25 3.56 8.03
900 25 2.99 8.13
710 26 15.35 3.99
720 26 14.70 4.13
730 26 14.05 4.28
740 26 13.39 4.44
750 26 12.70 4.70
760 26 12.01 4.96
770 26 11.35 5.15
780 26 10.69 5.35
790 26 10.03 5.58
800 26 9.37 5.85
810 26 8.71 6.12
820 26 8.06 6.34
830 26 7.41 6.51
840 26 6.77 6.68
850 26 6.12 6.85
860 26 5.47 7.01
870 26 4.81 7.17
880 26 4.17 7.31
890 26 3.53 7.42
900 26 2.89 7.53
740 27 14.86 4.78
750 27 14.30 4.91
760 27 13.74 5.04
770 27 13.18 5.22
780 27 12.63 5.51
790 27 12.09 5.80
800 27 11.54 6.09
810 27 11.00 6.32
820 27 10.46 6.55
830 27 9.91 6.78
840 27 9.36 7.01
850 27 8.81 7.24
860 27 8.26 7.46
870 27 7.69 7.55
880 27 7.12 7.64
890 27 6.55 7.74
900 27 5.98 7.81
910 27 5.40 7.88
920 27 4.82 7.95
930 27 4.25 7.99
740 28 14.99 3.71
750 28 14.35 3.74
760 28 13.72 3.77
770 28 13.09 3.82
780 28 12.49 4.11
790 28 11.88 4.40
800 28 11.28 4.69
810 28 10.74 5.04
820 28 10.21 5.40
830 28 9.69 5.76
840 28 9.16 6.01
850 28 8.63 6.22
860 28 8.10 6.42
870 28 7.55 6.59
880 28 6.95 6.68
890 28 6.35 6.76
900 28 5.76 6.85
910 28 5.21 6.97
920 28 4.68 7.10
930 28 4.15 7.23
750 29 0.20 5.06
760 29 0.81 5.14
770 29 1.42 5.21
780 29 2.03 5.31
790 29 2.63 5.43
800 29 3.23 5.56
810 29 3.83 5.68
820 29 4.43 5.72
830 29 5.03 5.76
840 29 5.62 5.80
850 29 6.19 5.75
860 29 6.75 5.70
870 29 7.32 5.64
880 29 7.88 5.59
890 29 8.47 5.55
900 29 9.06 5.51
910 29 9.65 5.48
920 29 10.22 5.45
930 29 10.59 5.52
940 29 10.96 5.59
750 30 0.04 5.54
760 30 0.62 5.63
770 30 1.20 5.73
780 30 1.78 5.83
790 30 2.37 5.92
800 30 2.95 6.02
810 30 3.54 6.11
820 30 4.12 6.17
830 30 4.69 6.21
840 30 5.26 6.25
850 30 5.88 6.21
860 30 6.49 6.17
870 30 7.08 6.14
880 30 7.65 6.12
890 30 8.23 6.10
900 30 8.81 6.07
910 30 9.40 6.01
920 30 10.00 5.96
930 30 10.56 5.92
940 30 11.04 5.93
1190 31 -0.09 9.73
1200 31 0.34 9.29
1210 31 0.77 8.85
1220 31 1.23 8.50
1230 31 1.74 8.28
1240 31 2.24 8.06
1250 31 2.82 7.86
1260 31 3.44 7.67
1270 31 4.06 7.48
1280 31 4.66 7.27
1290 31 5.25 7.05
1300 31 5.83 6.84
1310 31 6.43 6.63
1320 31 7.04 6.44
1330 31 7.66 6.25
1340 31 8.27 6.06
1350 31 8.92 5.89
1360 31 9.58 5.71
1370 31 10.23 5.53
1380 31 10.89 5.38
1280 32 -0.08 4.45
1290 32 0.55 4.53
1300 32 1.18 4.62
1310 32 1.81 4.70
1320 32 2.47 4.75
1330 32 3.13 4.80
1340 32 3.79 4.84
1350 32 4.43 4.85
1360 32 5.08 4.86
1370 32 5.72 4.87
1380 32 6.39 4.89
1390 32 7.06 4.91
1400 32 7.73 4.93
1410 32 8.40 4.95
1420 32 9.07 4.98
1430 32 9.74 5.01
1440 32 10.41 5.03
1450 32 11.07 5.09
1460 32 11.73 5.16
1470 32 12.39 5.22
1530 33 0.08 8.76
1540 33 0.50 8.55
1550 33 0.91 8.34
1560 33 1.33 8.18
1570 33 1.77 8.11
1580 33 2.20 8.03
1590 33 2.63 7.97
1600 33 3.03 7.95
1610 33 3.43 7.94
1620 33 3.83 7.91
1630 33 4.24 7.82
1640 33 4.66 7.74
1650 33 5.10 7.67
1660 33 5.60 7.63
1670 33 6.10 7.59
1680 33 6.61 7.54
1690 33 7.11 7.40
1700 33 7.62 7.26
1710 33 8.12 7.11
1720 33 8.60 6.95
1590 34 14.79 4.80
1600 34 14.23 4.81
1610 34 13.67 4.82
1620 34 13.11 4.82
1630 34 12.57 4.82
1640 34 12.03 4.82
1650 34 11.49 4.82
1660 34 10.97 4.80
1670 34 10.46 4.77
1680 34 9.96 4.74
1690 34 9.46 4.74
1700 34 8.97 4.76
1710 34 8.49 4.78
1720 34 8.00 4.80
1730 34 7.51 4.81
1740 34 7.06 4.82
1750 34 6.63 4.82
1760 34 6.20 4.82
1770 34 5.77 4.82
1780 34 5.33 4.82
1580 35 15.00 4.16
1590 35 14.47 4.18
1600 35 13.93 4.20
1610 35 13.40 4.22
1620 35 12.86 4.19
1630 35 12.33 4.16
1640 35 11.79 4.12
1650 35 11.24 4.10
1660 35 10.69 4.09
1670 35 10.14 4.09
1680 35 9.61 4.08
1690 35 9.15 4.10
1700 35 8.68 4.11
1710 35 8.22 4.12
1720 35 7.77 4.13
1730 35 7.35 4.15
1740 35 6.93 4.17
1750 35 6.52 4.19
1760 35 6.10 4.21
1770 35 5.65 4.22
1650 36 0.19 6.60
1660 36 0.49 6.82
1670 36 0.78 7.04
1680 36 1.08 7.25
1690 36 1.40 7.44
1700 36 1.72 7.63
1710 36 2.03 7.82
1720 36 2.34 8.01
1730 36 2.54 8.17
1740 36 2.75 8.33
1750 36 2.95 8.49
1760 36 3.14 8.62
1770 36 3.25 8.66
1780 36 3.37 8.71
1790 36 3.48 8.75
1800 36 3.52 8.74
1810 36 3.53 8.72
1820 36 3.53 8.69
1830 36 3.54 8.67
1840 36 3.55 8.64
1640 37 0.14 5.52
1650 37 0.42 5.77
1660 37 0.69 6.02
1670 37 0.97 6.27
1680 37 1.14 6.49
1690 37 1.25 6.69
1700 37 1.37 6.89
1710 37 1.51 7.02
1720 37 1.67 7.08
1730 37 1.83 7.13
1740 37 1.97 7.23
1750 37 2.08 7.38
1760 37 2.19 7.53
1770 37 2.29 7.67
1780 37 2.38 7.80
1790 37 2.45 7.92
1800 37 2.53 8.04
1810 37 2.60 8.16
1820 37 2.67 8.28
1830 37 2.73 8.35
1680 38 0.16 5.76
1690 38 0.63 5.78
1700 38 1.11 5.80
1710 38 1.59 5.82
1720 38 2.06 5.85
1730 38 2.53 5.90
1740 38 2.99 5.96
1750 38 3.45 6.01
1760 38 3.92 6.06
1770 38 4.37 6.09
1780 38 4.82 6.12
1790 38 5.27 6.15
1800 38 5.72 6.17
1810 38 6.16 6.18
1820 38 6.60 6.17
1830 38 7.04 6.17
1840 38 7.48 6.16
1850 38 7.93 6.12
1860 38 8.37 6.06
1870 38 8.81 5.99
1680 39 0.14 4.96
1690 39 0.61 4.91
1700 39 1.08 4.87
1710 39 1.55 4.84
1720 39 2.03 4.81
1730 39 2.50 4.78
1740 39 2.98 4.75
1750 39 3.44 4.83
1760 39 3.90 4.92
1770 39 4.36 5.02
1780 39 4.82 5.10
1790 39 5.27 5.18
1800 39 5.72 5.25
1810 39 6.15 5.24
1820 39 6.59 5.20
1830 39 7.02 5.15
1840 39 7.48 5.12
1850 39 7.95 5.10
1860 39 8.43 5.08
1870 39 8.90 5.05
1870 40 0.10 7.23
1880 40 0.46 7.22
1890 40 0.82 7.20
1900 40 1.18 7.19
1910 40 1.55 7.19
1920 40 1.95 7.20
1930 40 2.35 7.21
1940 40 2.75 7.22
1950 40 3.15 7.20
1960 40 3.51 7.04
1970 40 3.88 6.88
1980 40 4.25 6.72
1990 40 4.61 6.55
2000 40 4.96 6.36
2010 40 5.32 6.16
2020 40 5.67 5.97
2030 40 6.06 5.81
2040 40 6.48 5.68
2050 40 6.90 5.56
2060 40 7.32 5.43
1890 41 0.02 7.66
1900 41 0.35 7.67
1910 41 0.69 7.67
1920 41 1.02 7.68
1930 41 1.36 7.68
1940 41 1.70 7.66
1950 41 2.03 7.64
1960 41 2.37 7.62
1970 41 2.70 7.61
1980 41 3.02 7.61
1990 41 3.35 7.61
2000 41 3.67 7.61
2010 41 4.00 7.51
2020 41 4.34 7.39
2030 41 4.67 7.27
2040 41 5.02 7.14
2050 41 5.41 7.00
2060 41 5.80 6.86
2070 41 6.20 6.72
2080 41 6.57 6.61
1890 42 -0.17 5.45
1900 42 0.41 5.42
1910 42 0.99 5.39
1920 42 1.57 5.34
1930 42 2.19 5.20
1940 42 2.80 5.07
1950 42 3.40 4.93
1960 42 3.98 4.84
1970 42 4.56 4.75
1980 42 5.14 4.66
1990 42 5.72 4.57
2000 42 6.30 4.48
2010 42 6.88 4.38
2020 42 7.49 4.27
2030 42 8.11 4.14
2040 42 8.74 4.01
2050 42 9.37 3.89
2060 42 10.07 3.84
2070 42 10.77 3.79
2080 42 11.46 3.75
1900 43 0.25 5.81
1910 43 0.87 5.77
1920 43 1.49 5.74
1930 43 2.10 5.69
1940 43 2.71 5.56
1950 43 3.32 5.44
1960 43 3.92 5.31
1970 43 4.51 5.19
1980 43 5.10 5.07
1990 43 5.69 4.97
2000 43 6.29 4.89
2010 43 6.89 4.82
2020 43 7.49 4.75
2030 43 8.09 4.64
2040 43 8.68 4.53
2050 43 9.27 4.42
2060 43 9.93 4.37
2070 43 10.61 4.33
2080 43 11.30 4.30
2090 43 11.95 4.32
1900 44 0.00 6.48
1910 44 0.34 6.51
1920 44 0.68 6.53
1930 44 1.02 6.56
1940 44 1.36 6.58
1950 44 1.71 6.52
1960 44 2.07 6.44
1970 44 2.43 6.36
1980 44 2.78 6.28
1990 44 3.11 6.18
2000 44 3.44 6.08
2010 44 3.78 6.01
2020 44 4.12 6.00
2030 44 4.46 5.98
2040 44 4.80 5.97
2050 44 5.17 5.91
2060 44 5.58 5.79
2070 44 5.99 5.67
2080 44 6.40 5.55
2090 44 6.81 5.39
1910 45 -0.03 7.15
1920 45 0.31 7.12
1930 45 0.66 7.08
1940 45 1.01 7.05
1950 45 1.36 7.02
1960 45 1.74 7.04
1970 45 2.12 7.06
1980 45 2.50 7.08
1990 45 2.88 7.04
2000 45 3.27 6.98
2010 45 3.66 6.92
2020 45 4.04 6.86
2030 45 4.39 6.75
2040 45 4.74 6.64
2050 45 5.09 6.54
2060 45 5.47 6.40
2070 45 5.87 6.26
2080 45 6.26 6.11
2090 45 6.65 5.94
2100 45 7.02 5.76
1950 47 0.06 5.67
1960 47 0.50 5.79
1970 47 0.93 5.92
1980 47 1.36 6.01
1990 47 1.76 6.00
2000 47 2.15 5.99
2010 47 2.53 6.00
2020 47 2.91 6.01
2030 47 3.27 6.03
2040 47 3.58 6.19
2050 47 3.90 6.36
2060 47 4.25 6.54
2070 47 4.63 6.73
2080 47 5.03 6.91
2090 47 5.45 7.08
2100 47 5.87 7.24
2110 47 6.34 7.28
2120 47 6.80 7.32
2130 47 7.23 7.29
2140 47 7.64 7.25
1970 50 -0.19 5.19
1980 50 0.39 5.17
1990 50 0.96 5.15
2000 50 1.53 5.12
2010 50 2.11 4.99
2020 50 2.69 4.87
2030 50 3.27 4.77
2040 50 3.83 4.67
2050 50 4.40 4.58
2060 50 5.01 4.54
2070 50 5.62 4.50
2080 50 6.22 4.46
2090 50 6.80 4.43
2100 50 7.39 4.40
2110 50 7.99 4.34
2120 50 8.62 4.25
2130 50 9.24 4.16
2140 50 9.86 4.12
2150 50 10.48 4.10
2160 50 11.10 4.09
1980 51 15.07 5.55
1990 51 14.65 5.46
2000 51 14.23 5.37
2010 51 13.75 5.33
2020 51 13.19 5.37
2030 51 12.64 5.41
2040 51 12.12 5.58
2050 51 11.60 5.75
2060 51 11.09 5.90
2070 51 10.60 6.01
2080 51 10.11 6.11
2090 51 9.64 6.21
2100 51 9.19 6.30
2110 51 8.73 6.40
2120 51 8.25 6.53
2130 51 7.77 6.67
2140 51 7.28 6.80
2150 51 6.78 6.81
2160 51 6.28 6.82
2170 51 5.78 6.82
1980 52 15.13 4.99
1990 52 14.57 5.00
2000 52 14.01 5.01
2010 52 13.45 5.07
2020 52 12.90 5.18
2030 52 12.35 5.28
2040 52 11.84 5.34
2050 52 11.33 5.40
2060 52 10.85 5.46
2070 52 10.40 5.50
2080 52 9.94 5.55
2090 52 9.54 5.66
2100 52 9.15 5.80
2110 52 8.78 5.97
2120 52 8.43 6.23
2130 52 8.09 6.35
2140 52 7.67 6.43
2150 52 7.13 6.47
2160 52 6.57 6.46
2170 52 5.99 6.33
2020 53 14.81 6.97
2030 53 14.26 7.02
2040 53 13.71 7.06
2050 53 13.12 7.00
2060 53 12.53 6.94
2070 53 11.94 6.94
2080 53 11.35 6.98
2090 53 10.75 7.02
2100 53 10.26 7.23
2110 53 9.77 7.45
2120 53 9.34 7.65
2130 53 8.90 7.81
2140 53 8.45 7.90
2150 53 7.99 7.94
2160 53 7.53 7.84
2170 53 7.08 7.74
2180 53 6.53 7.66
2190 53 5.97 7.58
2200 53 5.39 7.52
2210 53 4.77 7.53
2490 54 0.35 4.52
2500 54 1.06 4.54
2510 54 1.77 4.56
2520 54 2.44 4.59
2530 54 3.11 4.63
2540 54 3.78 4.66
2550 54 4.45 4.70
2560 54 5.13 4.73
2570 54 5.82 4.75
2580 54 6.51 4.78
2590 54 7.20 4.80
2600 54 7.89 4.83
2610 54 8.58 4.84
2620 54 9.26 4.80
2630 54 9.94 4.77
2640 54 10.62 4.73
2650 54 11.30 4.70
2660 54 11.97 4.66
2670 54 12.64 4.64
2680 54 13.31 4.61
2680 55 14.99 5.76
2690 55 14.43 5.81
2700 55 13.86 5.87
2710 55 13.30 5.92
2720 55 12.69 5.96
2730 55 12.07 5.99
2740 55 11.44 6.01
2750 55 10.82 6.04
2760 55 10.26 6.01
2770 55 9.69 5.98
2780 55 9.13 5.95
2790 55 8.56 5.92
2800 55 8.00 5.88
2810 55 7.44 5.84
2820 55 6.88 5.80
2830 55 6.33 5.73
2840 55 5.83 5.57
2850 55 5.32 5.42
2860 55 4.82 5.26
2870 55 4.31 5.11
2720 56 0.15 8.36
2730 56 0.40 8.17
2740 56 0.66 7.99
2750 56 0.91 7.81
2760 56 1.12 7.61
2770 56 1.30 7.40
2780 56 1.48 7.20
2790 56 1.66 6.99
2800 56 1.94 6.81
2810 56 2.22 6.63
2820 56 2.50 6.45
2830 56 2.74 6.31
2840 56 2.89 6.28
2850 56 3.05 6.24
2860 56 3.01 6.25
2870 56 2.88 6.28
2880 56 2.76 6.31
2890 56 2.63 6.34
2900 56 2.51 6.37
2910 56 2.38 6.40
2790 57 0.58 9.29
2800 57 0.68 8.93
2810 57 0.79 8.56
2820 57 0.89 8.20
2830 57 1.21 7.95
2840 57 1.61 7.74
2850 57 2.01 7.53
2860 57 2.42 7.43
2870 57 2.83 7.38
2880 57 3.25 7.33
2890 57 3.66 7.28
2900 57 3.81 7.24
2910 57 3.95 7.21
2920 57 4.04 7.18
2930 57 4.05 7.18
2940 57 4.06 7.18
2950 57 4.07 7.18
2960 57 4.08 7.18
2970 57 4.09 7.18
2980 57 4.10 7.18
2890 58 15.03 5.64
2900 58 14.42 5.72
2910 58 13.81 5.81
2920 58 13.20 5.89
2930 58 12.60 5.98
2940 58 12.00 6.07
2950 58 11.41 6.14
2960 58 10.86 6.16
2970 58 10.31 6.18
2980 58 9.77 6.21
2990 58 9.22 6.16
3000 58 8.67 6.11
3010 58 8.13 6.07
3020 58 7.57 6.02
3030 58 6.99 5.94
3040 58 6.41 5.87
3050 58 5.83 5.80
3060 58 5.29 5.79
3070 58 4.76 5.79
3080 58 4.22 5.78
2890 59 15.23 4.81
2900 59 14.64 4.88
2910 59 14.04 4.95
2920 59 13.45 5.02
2930 59 12.86 5.11
2940 59 12.26 5.22
2950 59 11.67 5.32
2960 59 11.08 5.42
2970 59 10.50 5.46
2980 59 9.92 5.50
2990 59 9.34 5.53
3000 59 8.76 5.50
3010 59 8.18 5.45
3020 59 7.60 5.41
3030 59 7.03 5.36
3040 59 6.50 5.30
3050 59 5.96 5.24
3060 59 5.43 5.18
3070 59 4.91 5.15
3080 59 4.41 5.13
2980 60 15.11 8.04
2990 60 14.68 7.83
3000 60 14.25 7.61
3010 60 13.78 7.46
3020 60 13.29 7.33
3030 60 12.80 7.22
3040 60 12.27 7.15
3050 60 11.74 7.09
3060 60 11.21 7.02
3070 60 10.68 6.98
3080 60 10.14 6.95
3090 60 9.61 6.92
3100 60 9.07 6.89
3110 60 8.57 6.82
3120 60 8.08 6.74
3130 60 7.59 6.66
3140 60 7.10 6.57
3150 60 6.63 6.44
3160 60 6.17 6.30
3170 60 5.70 6.16
2980 61 15.03 5.42
2990 61 14.41 5.40
3000 61 13.80 5.38
3010 61 13.18 5.36
3020 61 12.54 5.32
3030 61 11.91 5.29
3040 61 11.28 5.26
3050 61 10.68 5.22
3060 61 10.08 5.18
3070 61 9.47 5.16
3080 61 8.85 5.17
3090 61 8.22 5.19
3100 61 7.61 5.22
3110 61 7.05 5.29
3120 61 6.49 5.36
3130 61 5.93 5.44
3140 61 5.37 5.50
3150 61 4.83 5.52
3160 61 4.29 5.54
3170 61 3.75 5.56
2980 62 14.76 4.51
2990 62 14.13 4.51
3000 62 13.51 4.51
3010 62 12.88 4.51
3020 62 12.33 4.51
3030 62 11.77 4.50
3040 62 11.22 4.49
3050 62 10.66 4.49
3060 62 10.13 4.47
3070 62 9.63 4.45
3080 62 9.09 4.44
3090 62 8.49 4.44
3100 62 7.92 4.44
3110 62 7.35 4.45
3120 62 6.78 4.46
3130 62 6.23 4.56
3140 62 5.69 4.71
3150 62 5.15 4.84
3160 62 4.60 4.94
3170 62 4.04 5.00
3050 64 -0.14 5.29
3060 64 0.32 5.20
3070 64 0.77 5.11
3080 64 1.23 5.01
3090 64 1.69 4.90
3100 64 2.16 4.80
3110 64 2.56 4.72
3120 64 2.95 4.66
3130 64 3.34 4.60
3140 64 3.69 4.57
3150 64 4.03 4.54
3160 64 4.48 4.53
3170 64 4.94 4.53
3180 64 5.51 4.63
3190 64 6.09 4.75
3200 64 6.68 4.86
3210 64 7.22 4.91
3220 64 7.75 4.96
3230 64 8.29 5.02
3240 64 8.84 5.04
3050 65 -0.13 4.62
3060 65 0.37 4.65
3070 65 0.87 4.66
3080 65 1.34 4.54
3090 65 1.82 4.44
3100 65 2.31 4.40
3110 65 2.79 4.36
3120 65 3.28 4.32
3130 65 3.76 4.28
3140 65 4.24 4.24
3150 65 4.71 4.20
3160 65 5.13 4.21
3170 65 5.54 4.23
3180 65 5.96 4.24
3190 65 6.42 4.27
3200 65 6.94 4.31
3210 65 7.46 4.34
3220 65 7.99 4.37
3230 65 8.54 4.39
3240 65 9.10 4.41
3140 66 -0.12 7.32
3150 66 0.38 7.58
3160 66 0.88 7.81
3170 66 1.25 7.88
3180 66 1.62 7.96
3190 66 1.99 8.01
3200 66 2.34 8.03
3210 66 2.70 8.06
3220 66 3.10 8.04
3230 66 3.54 8.00
3240 66 3.98 7.96
3250 66 4.42 7.92
3260 66 4.89 7.87
3270 66 5.36 7.81
3280 66 5.83 7.76
3290 66 6.34 7.73
3300 66 6.87 7.70
3310 66 7.39 7.67
3320 66 7.91 7.61
3330 66 8.43 7.52
3190 67 1.21 0.51
3200 67 1.10 1.28
3210 67 1.03 2.03
3220 67 1.15 2.73
3230 67 1.27 3.44
3240 67 1.53 3.79
3250 67 1.84 4.06
3260 67 2.33 4.21
3270 67 2.93 4.27
3280 67 3.54 4.32
3290 67 4.10 4.30
3300 67 4.66 4.27
3310 67 5.19 4.16
3320 67 5.72 4.03
3330 67 6.14 3.95
3340 67 6.53 3.87
3350 67 6.95 3.89
3360 67 7.39 3.95
3370 67 7.75 4.16
3380 67 8.10 4.41
3260 69 0.00 4.22
3270 69 0.51 4.28
3280 69 1.02 4.34
3290 69 1.52 4.40
3300 69 2.01 4.46
3310 69 2.50 4.51
3320 69 3.01 4.58
3330 69 3.54 4.65
3340 69 4.06 4.73
3350 69 4.58 4.82
3360 69 5.09 4.92
3370 69 5.60 5.03
3380 69 6.10 5.13
3390 69 6.64 5.20
3400 69 7.17 5.26
3410 69 7.70 5.33
3420 69 8.23 5.39
3430 69 8.77 5.44
3440 69 9.30 5.48
3450 69 9.84 5.53
3260 70 -0.16 3.90
3270 70 0.34 3.94
3280 70 0.84 3.98
3290 70 1.34 4.02
3300 70 1.85 4.08
3310 70 2.35 4.16
3320 70 2.86 4.23
3330 70 3.38 4.26
3340 70 3.91 4.28
3350 70 4.44 4.30
3360 70 4.97 4.32
3370 70 5.50 4.41
3380 70 6.03 4.50
3390 70 6.55 4.59
3400 70 7.08 4.69
3410 70 7.60 4.82
3420 70 8.12 4.94
3430 70 8.69 4.93
3440 70 9.25 4.92
3450 70 9.81 4.91
3370 71 0.16 9.21
3380 71 0.43 8.96
3390 71 0.70 8.71
3400 71 1.00 8.42
3410 71 1.31 8.10
3420 71 1.62 7.78
3430 71 2.00 7.60
3440 71 2.38 7.41
3450 71 2.76 7.23
3460 71 3.20 7.01
3470 71 3.65 6.79
3480 71 4.10 6.62
3490 71 4.56 6.54
3500 71 5.02 6.46
3510 71 5.50 6.36
3520 71 6.02 6.25
3530 71 6.54 6.14
3540 71 7.06 6.03
3550 71 7.60 5.92
3560 71 8.14 5.82
3400 72 0.19 4.71
3410 72 0.82 4.85
3420 72 1.45 5.00
3430 72 2.09 5.12
3440 72 2.74 5.22
3450 72 3.39 5.32
3460 72 4.05 5.41
3470 72 4.70 5.50
3480 72 5.36 5.59
3490 72 6.02 5.66
3500 72 6.68 5.72
3510 72 7.34 5.79
3520 72 7.94 5.92
3530 72 8.53 6.07
3540 72 9.12 6.23
3550 72 9.70 6.40
3560 72 10.23 6.64
3570 72 10.76 6.89
3580 72 11.29 7.13
3590 72 11.70 7.50
3620 73 15.22 9.89
3630 73 15.00 9.87
3640 73 14.79 9.86
3650 73 14.57 9.84
3660 73 14.37 9.77
3670 73 14.21 9.56
3680 73 14.05 9.36
3690 73 13.88 9.14
3700 73 13.69 8.90
3710 73 13.50 8.66
3720 73 13.32 8.42
3730 73 13.01 8.14
3740 73 12.66 7.83
3750 73 12.31 7.52
3760 73 11.95 7.21
3770 73 11.50 7.03
3780 73 11.05 6.84
3790 73 10.56 6.77
3800 73 10.04 6.79
3810 73 9.52 6.82
3990 74 0.20 5.38
4000 74 0.77 5.42
4010 74 1.35 5.46
4020 74 1.91 5.49
4030 74 2.43 5.50
4040 74 2.96 5.50
4050 74 3.49 5.51
4060 74 4.06 5.52
4070 74 4.64 5.53
4080 74 5.21 5.54
4090 74 5.79 5.56
4100 74 6.39 5.58
4110 74 7.00 5.61
4120 74 7.61 5.64
4130 74 8.22 5.67
4140 74 8.79 5.76
4150 74 9.33 5.88
4160 74 9.87 6.00
4170 74 10.41 6.13
4180 74 10.94 6.26
4030 75 15.09 8.09
4040 75 14.72 8.04
4050 75 14.36 7.98
4060 75 14.00 7.93
4070 75 13.68 7.88
4080 75 13.35 7.83
4090 75 13.03 7.78
4100 75 12.69 7.63
4110 75 12.35 7.48
4120 75 12.02 7.33
4130 75 11.69 7.22
4140 75 11.37 7.11
4150 75 11.04 7.00
4160 75 10.72 7.00
4170 75 10.39 7.05
4180 75 10.06 7.10
4190 75 9.73 7.16
4200 75 9.41 7.22
4210 75 9.08 7.28
4220 75 8.74 7.31
4120 76 14.84 4.81
4130 76 14.22 4.77
4140 76 13.61 4.73
4150 76 12.99 4.70
4160 76 12.39 4.70
4170 76 11.79 4.70
4180 76 11.18 4.71
4190 76 10.57 4.72
4200 76 9.95 4.73
4210 76 9.34 4.75
4220 76 8.70 4.80
4230 76 8.05 4.87
4240 76 7.42 4.92
4250 76 6.84 4.92
4260 76 6.25 4.93
4270 76 5.67 4.94
4280 76 5.08 4.91
4290 76 4.48 4.88
4300 76 3.88 4.85
4310 76 3.29 4.82
4120 77 14.81 4.03
4130 77 14.20 4.03
4140 77 13.60 4.03
4150 77 13.02 4.02
4160 77 12.44 4.01
4170 77 11.87 3.99
4180 77 11.24 3.99
4190 77 10.58 3.99
4200 77 9.91 3.99
4210 77 9.26 4.02
4220 77 8.64 4.10
4230 77 8.01 4.19
4240 77 7.40 4.25
4250 77 6.81 4.25
4260 77 6.23 4.25
4270 77 5.64 4.25
4280 77 5.04 4.25
4290 77 4.42 4.26
4300 77 3.80 4.26
4310 77 3.18 4.27
4190 78 14.94 5.79
4200 78 14.45 5.75
4210 78 13.95 5.70
4220 78 13.42 5.73
4230 78 12.89 5.76
4240 78 12.36 5.79
4250 78 11.87 5.90
4260 78 11.39 6.02
4270 78 10.91 6.14
4280 78 10.44 6.27
4290 78 9.98 6.40
4300 78 9.52 6.54
4310 78 9.05 6.67
4320 78 8.61 6.78
4330 78 8.17 6.88
4340 78 7.74 6.99
4350 78 7.29 7.10
4360 78 6.81 7.20
4370 78 6.34 7.30
4380 78 5.87 7.41
4190 79 15.18 4.94
4200 79 14.62 4.96
4210 79 14.07 4.99
4220 79 13.51 5.01
4230 79 12.98 5.08
4240 79 12.45 5.15
4250 79 11.91 5.21
4260 79 11.39 5.27
4270 79 10.88 5.33
4280 79 10.36 5.39
4290 79 9.87 5.47
4300 79 9.41 5.57
4310 79 8.95 5.67
4320 79 8.49 5.77
4330 79 8.00 5.88
4340 79 7.51 5.98
4350 79 7.02 6.08
4360 79 6.55 6.19
4370 79 6.11 6.30
4380 79 5.66 6.40
4250 80 14.87 4.84
4260 80 14.35 4.92
4270 80 13.83 4.99
4280 80 13.28 5.11
4290 80 12.70 5.29
4300 80 12.13 5.48
4310 80 11.55 5.67
4320 80 10.98 5.88
4330 80 10.40 6.08
4340 80 9.86 6.31
4350 80 9.38 6.59
4360 80 8.89 6.86
4370 80 8.42 7.14
4380 80 7.96 7.43
4390 80 7.51 7.70
4400 80 7.02 7.89
4410 80 6.54 8.04
4420 80 6.10 8.12
4430 80 5.65 8.19
4440 80 5.13 8.19
4290 81 14.93 5.64
4300 81 14.45 5.75
4310 81 13.97 5.85
4320 81 13.50 5.96
4330 81 13.04 6.07
4340 81 12.57 6.18
4350 81 12.12 6.32
4360 81 11.67 6.45
4370 81 11.21 6.59
4380 81 10.77 6.71
4390 81 10.35 6.82
4400 81 9.92 6.93
4410 81 9.49 7.04
4420 81 9.07 7.13
4430 81 8.65 7.20
4440 81 8.23 7.28
4450 81 7.81 7.36
4460 81 7.39 7.43
4470 81 6.98 7.51
4480 81 6.56 7.58
4300 82 15.23 5.00
4310 82 14.73 5.05
4320 82 14.23 5.11
4330 82 13.73 5.17
4340 82 13.23 5.27
4350 82 12.72 5.38
4360 82 12.21 5.48
4370 82 11.70 5.58
4380 82 11.19 5.68
4390 82 10.69 5.77
4400 82 10.25 5.83
4410 82 9.82 5.90
4420 82 9.39 5.97
4430 82 8.99 6.13
4440 82 8.59 6.28
4450 82 8.19 6.44
4460 82 7.80 6.58
4470 82 7.41 6.68
4480 82 7.02 6.78
4490 82 6.66 6.89
4310 83 15.02 5.52
4320 83 14.54 5.62
4330 83 14.06 5.71
4340 83 13.58 5.79
4350 83 13.09 5.83
4360 83 12.61 5.88
4370 83 12.12 5.92
4380 83 11.71 6.10
4390 83 11.31 6.28
4400 83 10.90 6.47
4410 83 10.48 6.65
4420 83 10.06 6.82
4430 83 9.64 7.00
4440 83 9.22 7.13
4450 83 8.82 7.20
4460 83 8.41 7.28
4470 83 8.00 7.35
4480 83 7.56 7.44
4490 83 7.13 7.52
4500 83 6.70 7.61
4500 84 -0.06 5.23
4510 84 0.41 5.22
4520 84 0.89 5.20
4530 84 1.37 5.18
4540 84 1.86 5.18
4550 84 2.35 5.18
4560 84 2.85 5.18
4570 84 3.35 5.17
4580 84 3.87 5.15
4590 84 4.39 5.12
4600 84 4.92 5.10
4610 84 5.43 5.14
4620 84 5.95 5.27
4630 84 6.46 5.39
4640 84 6.97 5.51
4650 84 7.49 5.61
4660 84 8.00 5.70
4670 84 8.51 5.78
4680 84 9.03 5.87
4690 84 9.54 5.91
4690 86 15.31 8.19
4700 86 14.81 8.11
4710 86 14.31 8.03
4720 86 13.82 7.92
4730 86 13.34 7.77
4740 86 12.86 7.62
4750 86 12.37 7.48
4760 86 11.86 7.36
4770 86 11.35 7.24
4780 86 10.81 7.24
4790 86 10.26 7.25
4800 86 9.76 7.32
4810 86 9.28 7.42
4820 86 8.81 7.52
4830 86 8.34 7.62
4840 86 7.87 7.74
4850 86 7.40 7.85
4860 86 6.92 7.95
4870 86 6.44 8.03
4880 86 5.96 8.10
4780 87 15.15 5.39
4790 87 14.52 5.41
4800 87 13.88 5.43
4810 87 13.24 5.45
4820 87 12.61 5.51
4830 87 11.99 5.57
4840 87 11.36 5.64
4850 87 10.75 5.68
4860 87 10.17 5.67
4870 87 9.60 5.67
4880 87 9.02 5.66
4890 87 8.44 5.67
4900 87 7.86 5.69
4910 87 7.27 5.72
4920 87 6.68 5.75
4930 87 6.11 5.74
4940 87 5.55 5.72
4950 87 4.98 5.70
4960 87 4.41 5.69
4970 87 3.82 5.73
4860 88 0.29 4.14
4870 88 0.69 4.07
4880 88 1.10 4.00
4890 88 1.50 3.97
4900 88 1.89 4.00
4910 88 2.29 4.03
4920 88 2.68 4.05
4930 88 3.14 4.06
4940 88 3.61 4.06
4950 88 4.08 4.06
4960 88 4.54 4.04
4970 88 4.99 4.01
4980 88 5.43 3.98
4990 88 5.89 3.97
5000 88 6.39 4.02
5010 88 6.89 4.06
5020 88 7.39 4.11
5030 88 7.89 4.10
5040 88 8.39 4.06
5050 88 8.89 4.01
4870 89 0.25 5.45
4880 89 0.73 5.49
4890 89 1.20 5.53
4900 89 1.66 5.56
4910 89 2.09 5.55
4920 89 2.52 5.54
4930 89 2.94 5.51
4940 89 3.36 5.39
4950 89 3.77 5.27
4960 89 4.14 5.16
4970 89 4.53 5.10
4980 89 4.99 5.18
4990 89 5.48 5.24
5000 89 6.05 5.29
5010 89 6.63 5.33
5020 89 7.16 5.33
5030 89 7.67 5.30
5040 89 8.19 5.28
5050 89 8.67 5.25
5060 89 9.13 5.22
4870 90 0.29 4.73
4880 90 0.72 4.75
4890 90 1.14 4.77
4900 90 1.56 4.79
4910 90 1.99 4.78
4920 90 2.42 4.76
4930 90 2.85 4.74
4940 90 3.29 4.72
4950 90 3.75 4.67
4960 90 4.21 4.63
4970 90 4.67 4.58
4980 90 5.15 4.59
4990 90 5.63 4.60
5000 90 6.11 4.60
5010 90 6.59 4.62
5020 90 7.08 4.64
5030 90 7.57 4.67
5040 90 8.06 4.69
5050 90 8.55 4.69
5060 90 9.04 4.68
4870 91 -0.18 6.57
4880 91 0.38 6.61
4890 91 0.94 6.64
4900 91 1.51 6.68
4910 91 2.08 6.72
4920 91 2.65 6.77
4930 91 3.22 6.81
4940 91 3.80 6.85
4950 91 4.37 6.84
4960 91 4.95 6.83
4970 91 5.52 6.83
4980 91 6.12 6.75
4990 91 6.73 6.66
5000 91 7.34 6.58
5010 91 7.93 6.47
5020 91 8.48 6.32
5030 91 9.02 6.17
5040 91 9.57 6.02
5050 91 10.13 5.80
5060 91 10.70 5.56
4910 92 0.20 4.69
4920 92 0.73 4.72
4930 92 1.25 4.75
4940 92 1.75 4.74
4950 92 2.25 4.72
4960 92 2.75 4.71
4970 92 3.25 4.72
4980 92 3.75 4.74
4990 92 4.25 4.77
5000 92 4.75 4.79
5010 92 5.26 4.80
5020 92 5.77 4.80
5030 92 6.29 4.80
5040 92 6.80 4.80
5050 92 7.28 4.74
5060 92 7.76 4.66
5070 92 8.24 4.59
5080 92 8.71 4.51
5090 92 9.18 4.56
5100 92 9.65 4.61
4930 93 15.09 9.09
4940 93 14.88 9.07
4950 93 14.67 9.04
4960 93 14.45 8.98
4970 93 14.20 8.86
4980 93 13.94 8.73
4990 93 13.69 8.61
5000 93 13.48 8.41
5010 93 13.29 8.17
5020 93 13.10 7.94
5030 93 12.85 7.71
5040 93 12.55 7.49
5050 93 12.24 7.27
5060 93 11.91 7.15
5070 93 11.58 7.04
5080 93 11.22 7.04
5090 93 10.87 7.04
5100 93 10.52 7.04
5110 93 10.24 7.03
5120 93 9.97 7.03
5020 94 14.79 5.39
5030 94 14.19 5.38
5040 94 13.58 5.37
5050 94 13.01 5.40
5060 94 12.48 5.47
5070 94 11.93 5.55
5080 94 11.37 5.66
5090 94 10.78 5.72
5100 94 10.14 5.69
5110 94 9.52 5.63
5120 94 8.89 5.54
5130 94 8.27 5.44
5140 94 7.66 5.40
5150 94 7.05 5.36
5160 94 6.45 5.33
5170 94 5.83 5.30
5180 94 5.22 5.31
5190 94 4.60 5.32
5200 94 4.02 5.39
5210 94 3.48 5.53
5140 95 0.12 7.93
5150 95 0.38 7.97
5160 95 0.65 8.01
5170 95 0.92 8.05
5180 95 1.19 8.09
5190 95 1.43 8.14
5200 95 1.64 8.21
5210 95 1.85 8.28
5220 95 2.06 8.34
5230 95 2.27 8.41
5240 95 2.44 8.46
5250 95 2.59 8.49
5260 95 2.74 8.53
5270 95 2.89 8.57
5280 95 3.04 8.61
5290 95 3.20 8.64
5300 95 3.36 8.66
5310 95 3.53 8.68
5320 95 3.69 8.71
5330 95 3.89 8.70
5180 96 13.79 12.15
5190 96 13.72 11.68
5200 96 13.65 11.22
5210 96 13.53 10.75
5220 96 13.42 10.28
5230 96 13.28 9.85
5240 96 13.13 9.45
5250 96 12.97 9.06
5260 96 12.75 8.67
5270 96 12.49 8.28
5280 96 12.23 7.89
5290 96 11.84 7.65
5300 96 11.43 7.42
5310 96 10.92 7.38
5320 96 10.38 7.42
5330 96 9.84 7.45
5340 96 9.30 7.47
5350 96 8.76 7.49
5360 96 8.20 7.51
5370 96 7.62 7.54
5200 97 0.34 5.36
5210 97 0.84 5.28
5220 97 1.33 5.20
5230 97 1.82 5.13
5240 97 2.32 5.07
5250 97 2.81 5.01
5260 97 3.36 5.04
5270 97 3.92 5.06
5280 97 4.47 5.08
5290 97 5.01 5.06
5300 97 5.56 5.03
5310 97 6.10 5.00
5320 97 6.65 4.97
5330 97 7.22 4.94
5340 97 7.79 4.90
5350 97 8.36 4.87
5360 97 8.94 4.91
5370 97 9.53 4.94
5380 97 10.11 4.98
5390 97 10.70 4.95
5200 98 0.35 4.59
5210 98 0.80 4.55
5220 98 1.25 4.51
5230 98 1.72 4.46
5240 98 2.24 4.41
5250 98 2.76 4.35
5260 98 3.28 4.29
5270 98 3.81 4.25
5280 98 4.35 4.21
5290 98 4.89 4.18
5300 98 5.44 4.14
5310 98 5.97 4.12
5320 98 6.51 4.12
5330 98 7.04 4.11
5340 98 7.58 4.10
5350 98 8.14 4.15
5360 98 8.70 4.19
5370 98 9.25 4.24
5380 98 9.81 4.27
5390 98 10.36 4.26
5360 99 0.18 5.21
5370 99 0.78 5.27
5380 99 1.37 5.32
5390 99 1.97 5.35
5400 99 2.56 5.39
5410 99 3.16 5.42
5420 99 3.75 5.44
5430 99 4.35 5.43
5440 99 4.94 5.42
5450 99 5.54 5.42
5460 99 6.19 5.52
5470 99 6.85 5.63
5480 99 7.51 5.74
5490 99 8.13 5.87
5500 99 8.74 5.99
5510 99 9.35 6.12
5520 99 9.94 6.23
5530 99 10.53 6.34
5540 99 11.11 6.45
5550 99 11.70 6.53
5410 100 0.12 9.00
5420 100 0.39 8.71
5430 100 0.66 8.41
5440 100 1.03 8.16
5450 100 1.42 7.91
5460 100 1.82 7.66
5470 100 2.21 7.50
5480 100 2.59 7.35
5490 100 2.98 7.21
5500 100 3.39 7.08
5510 100 3.80 6.96
5520 100 4.22 6.85
5530 100 4.63 6.73
5540 100 4.94 6.65
5550 100 5.24 6.58
5560 100 5.55 6.50
5570 100 5.85 6.46
5580 100 6.15 6.42
5590 100 6.46 6.39
5600 100 6.79 6.36
5440 101 0.34 7.62
5450 101 0.76 7.40
5460 101 1.18 7.18
5470 101 1.58 6.98
5480 101 1.98 6.78
5490 101 2.38 6.59
5500 101 2.78 6.39
5510 101 3.22 6.20
5520 101 3.66 6.00
5530 101 4.10 5.81
5540 101 4.53 5.71
5550 101 4.96 5.65
5560 101 5.40 5.58
5570 101 5.83 5.52
5580 101 6.22 5.53
5590 101 6.61 5.54
5600 101 6.99 5.56
5610 101 7.34 5.61
5620 101 7.68 5.66
5630 101 8.02 5.72
5520 102 15.29 5.75
5530 102 14.69 5.69
5540 102 14.08 5.63
5550 102 13.47 5.57
5560 102 12.83 5.48
5570 102 12.19 5.40
5580 102 11.58 5.30
5590 102 10.97 5.19
5600 102 10.35 5.09
5610 102 9.71 5.03
5620 102 9.06 4.98
5630 102 8.42 4.96
5640 102 7.81 5.01
5650 102 7.19 5.07
5660 102 6.58 5.13
5670 102 5.97 5.16
5680 102 5.37 5.16
5690 102 4.77 5.16
5700 102 4.17 5.16
5710 102 3.56 5.13
5630 103 14.33 12.01
5640 103 14.28 11.62
5650 103 14.23 11.22
5660 103 14.17 10.84
5670 103 14.09 10.48
5680 103 14.01 10.11
5690 103 13.90 9.77
5700 103 13.74 9.44
5710 103 13.58 9.12
5720 103 13.42 8.79
5730 103 13.26 8.45
5740 103 13.10 8.11
5750 103 12.88 7.80
5760 103 12.51 7.56
5770 103 12.14 7.31
5780 103 11.82 7.08
5790 103 11.65 6.93
5800 103 11.49 6.77
5810 103 11.70 6.65
5820 103 11.98 6.53
5630 104 13.69 12.12
5640 104 13.59 11.80
5650 104 13.50 11.48
5660 104 13.43 11.14
5670 104 13.37 10.78
5680 104 13.32 10.42
5690 104 13.26 10.06
5700 104 13.18 9.74
5710 104 13.09 9.42
5720 104 12.99 9.11
5730 104 12.84 8.84
5740 104 12.68 8.56
5750 104 12.52 8.33
5760 104 12.35 8.14
5770 104 12.27 7.98
5780 104 12.26 7.85
5790 104 12.26 7.72
5800 104 12.34 7.63
5810 104 12.42 7.54
5820 104 12.55 7.41
5730 105 14.51 12.37
5740 105 14.55 12.06
5750 105 14.60 11.75
5760 105 14.64 11.44
5770 105 14.66 11.15
5780 105 14.69 10.85
5790 105 14.70 10.56
5800 105 14.67 10.23
5810 105 14.63 9.90
5820 105 14.60 9.59
5830 105 14.59 9.32
5840 105 14.57 9.06
5850 105 14.55 8.79
5860 105 14.55 8.53
5870 105 14.57 8.26
5880 105 14.59 8.00
5890 105 14.61 7.73
5900 105 14.71 7.46
5910 105 14.82 7.20
5920 105 14.93 6.93
