0 1 13.45 3.94
10 1 12.94 3.94
20 1 12.42 3.94
30 1 11.92 3.96
40 1 11.43 4.00
50 1 10.94 4.04
60 1 10.47 3.99
70 1 10.02 3.86
80 1 9.57 3.73
90 1 9.09 3.59
100 1 8.57 3.45
110 1 8.05 3.31
120 1 7.52 3.24
130 1 6.99 3.19
140 1 6.45 3.14
150 1 5.91 3.11
160 1 5.36 3.09
170 1 4.82 3.06
180 1 4.30 2.99
190 1 3.81 2.89
0 2 13.34 4.44
10 2 12.83 4.43
20 2 12.31 4.42
30 2 11.81 4.43
40 2 11.36 4.48
50 2 10.90 4.53
60 2 10.44 4.53
70 2 9.94 4.42
80 2 9.45 4.31
90 2 8.95 4.19
100 2 8.42 4.04
110 2 7.90 3.89
120 2 7.38 3.81
130 2 6.87 3.76
140 2 6.35 3.71
150 2 5.84 3.68
160 2 5.35 3.68
170 2 4.85 3.68
180 2 4.35 3.65
190 2 3.82 3.59
0 3 11.91 4.44
10 3 11.50 4.51
20 3 11.10 4.59
30 3 10.69 4.66
40 3 10.28 4.71
50 3 9.87 4.75
60 3 9.46 4.79
70 3 9.05 4.83
80 3 8.63 4.87
90 3 8.22 4.92
100 3 7.80 4.96
110 3 7.38 5.01
120 3 6.97 5.04
130 3 6.57 5.04
140 3 6.16 5.05
150 3 5.75 5.05
160 3 5.34 5.06
170 3 4.96 5.07
180 3 4.58 5.09
190 3 4.21 5.11
0 4 11.83 5.16
10 4 11.38 5.21
20 4 10.94 5.27
30 4 10.49 5.32
40 4 10.07 5.35
50 4 9.67 5.35
60 4 9.26 5.35
70 4 8.86 5.35
80 4 8.46 5.35
90 4 8.03 5.40
100 4 7.60 5.45
110 4 7.17 5.51
120 4 6.74 5.56
130 4 6.32 5.62
140 4 5.94 5.66
150 4 5.55 5.70
160 4 5.16 5.74
170 4 4.78 5.78
180 4 4.40 5.82
190 4 4.05 5.87
0 5 8.71 4.42
10 5 8.36 4.36
20 5 8.01 4.31
30 5 7.66 4.26
40 5 7.30 4.19
50 5 6.94 4.06
60 5 6.58 3.93
70 5 6.22 3.81
80 5 5.84 3.73
90 5 5.45 3.66
100 5 5.06 3.59
110 5 4.68 3.52
120 5 4.29 3.44
130 5 3.92 3.39
140 5 3.55 3.33
150 5 3.18 3.28
160 5 2.81 3.23
170 5 2.44 3.17
180 5 2.10 3.17
190 5 1.76 3.17
0 6 8.12 3.46
10 6 8.61 3.42
20 6 9.10 3.37
30 6 9.58 3.33
40 6 9.99 3.33
50 6 10.38 3.34
60 6 10.73 3.40
70 6 11.03 3.55
80 6 11.38 3.79
90 6 11.75 4.11
100 6 12.13 4.43
110 6 12.45 4.78
120 6 12.76 5.13
130 6 13.08 5.48
140 6 13.33 5.88
150 6 13.44 6.37
160 6 13.54 6.83
170 6 13.64 7.27
180 6 13.74 7.72
190 6 13.76 8.14
0 8 4.34 7.35
10 8 4.55 7.27
20 8 4.77 7.20
30 8 4.96 7.17
40 8 5.10 7.19
50 8 5.25 7.22
60 8 5.39 7.24
70 8 5.54 7.26
80 8 5.71 7.27
90 8 5.87 7.29
100 8 6.03 7.30
110 8 6.14 7.33
120 8 6.21 7.38
130 8 6.29 7.42
140 8 6.28 7.47
150 8 6.26 7.52
160 8 6.23 7.56
170 8 5.99 7.55
180 8 5.75 7.53
190 8 5.51 7.51
20 9 15.24 3.67
30 9 14.67 3.53
40 9 14.09 3.40
50 9 13.54 3.31
60 9 13.05 3.29
70 9 12.55 3.27
80 9 12.10 3.31
90 9 11.65 3.36
100 9 11.22 3.33
110 9 10.81 3.22
120 9 10.40 3.10
130 9 9.88 3.02
140 9 9.33 2.94
150 9 8.81 2.90
160 9 8.36 2.95
170 9 7.92 2.99
180 9 7.47 3.03
190 9 6.99 3.00
200 9 6.52 2.97
210 9 6.04 2.95
120 10 0.34 6.98
130 10 0.63 6.88
140 10 0.93 6.79
150 10 1.26 6.69
160 10 1.74 6.61
170 10 2.23 6.52
180 10 2.72 6.44
190 10 3.21 6.37
200 10 3.69 6.32
210 10 4.17 6.26
220 10 4.66 6.20
230 10 5.13 6.12
240 10 5.60 6.04
250 10 6.08 5.96
260 10 6.54 5.91
270 10 7.00 5.90
280 10 7.45 5.89
290 10 7.91 5.87
300 10 8.40 5.84
310 10 8.90 5.80
200 11 0.47 7.30
210 11 1.00 7.06
220 11 1.56 6.88
230 11 2.21 6.84
240 11 2.86 6.79
250 11 3.54 6.63
260 11 4.23 6.45
270 11 4.92 6.25
280 11 5.60 6.03
290 11 6.29 5.80
300 11 6.98 5.56
310 11 7.67 5.31
320 11 8.35 5.06
330 11 9.07 4.93
340 11 9.80 4.87
350 11 10.54 4.81
360 11 11.26 4.75
370 11 11.97 4.66
380 11 12.68 4.57
390 11 13.39 4.48
330 12 15.04 3.80
340 12 14.50 3.84
350 12 13.97 3.89
360 12 13.43 3.93
370 12 12.87 3.97
380 12 12.30 4.01
390 12 11.74 4.05
400 12 11.21 4.16
410 12 10.68 4.27
420 12 10.15 4.38
430 12 9.66 4.47
440 12 9.17 4.56
450 12 8.68 4.64
460 12 8.19 4.73
470 12 7.69 4.82
480 12 7.20 4.91
490 12 6.70 5.00
500 12 6.23 5.10
510 12 5.81 5.21
520 12 5.39 5.33
330 13 14.89 3.24
340 13 14.32 3.25
350 13 13.75 3.26
360 13 13.18 3.27
370 13 12.63 3.29
380 13 12.09 3.31
390 13 11.54 3.36
400 13 11.00 3.50
410 13 10.46 3.65
420 13 9.92 3.78
430 13 9.39 3.88
440 13 8.85 3.98
450 13 8.32 4.09
460 13 7.83 4.18
470 13 7.37 4.28
480 13 6.91 4.37
490 13 6.45 4.46
500 13 6.00 4.55
510 13 5.54 4.64
520 13 5.09 4.72
460 14 14.69 3.25
470 14 14.06 3.31
480 14 13.43 3.38
490 14 12.80 3.45
500 14 12.19 3.53
510 14 11.59 3.61
520 14 10.98 3.70
530 14 10.39 3.84
540 14 9.80 4.02
550 14 9.22 4.19
560 14 8.64 4.35
570 14 8.08 4.41
580 14 7.52 4.47
590 14 6.97 4.53
600 14 6.41 4.60
610 14 5.85 4.70
620 14 5.29 4.80
630 14 4.73 4.90
640 14 4.21 4.98
650 14 3.72 5.02
460 15 15.07 4.01
470 15 14.45 4.05
480 15 13.84 4.09
490 15 13.22 4.16
500 15 12.59 4.28
510 15 11.95 4.39
520 15 11.36 4.50
530 15 10.81 4.59
540 15 10.26 4.69
550 15 9.71 4.78
560 15 9.14 4.85
570 15 8.58 4.91
580 15 8.01 4.98
590 15 7.48 5.09
600 15 6.96 5.19
610 15 6.44 5.30
620 15 5.91 5.36
630 15 5.39 5.39
640 15 4.86 5.42
650 15 4.45 5.43
490 16 0.26 7.24
500 16 0.35 7.13
510 16 0.44 7.02
520 16 0.53 6.90
530 16 0.61 6.83
540 16 0.69 6.83
550 16 0.76 6.83
560 16 0.85 6.81
570 16 0.95 6.79
580 16 1.04 6.77
590 16 1.14 6.75
600 16 1.25 6.73
610 16 1.41 6.76
620 16 1.56 6.78
630 16 1.72 6.80
640 16 1.87 6.83
650 16 2.13 6.92
660 16 2.39 7.02
670 16 2.65 7.11
680 16 2.92 7.18
520 17 0.22 6.46
530 17 0.50 6.34
540 17 0.79 6.23
550 17 1.02 6.22
560 17 1.22 6.29
570 17 1.41 6.37
580 17 1.56 6.45
590 17 1.70 6.53
600 17 1.84 6.62
610 17 1.96 6.64
620 17 2.08 6.65
630 17 2.19 6.65
640 17 2.30 6.66
650 17 2.50 6.68
660 17 2.71 6.71
670 17 2.93 6.74
680 17 3.13 6.77
690 17 3.32 6.80
700 17 3.51 6.84
710 17 3.71 6.87
580 18 0.35 6.94
590 18 0.41 6.77
600 18 0.47 6.61
610 18 0.66 6.42
620 18 0.94 6.23
630 18 1.34 6.11
640 18 1.66 6.04
650 18 1.93 6.00
660 18 2.22 5.97
670 18 2.52 5.97
680 18 2.79 5.92
690 18 3.02 5.82
700 18 3.13 5.77
710 18 3.11 5.74
720 18 3.09 5.72
730 18 3.07 5.70
740 18 3.05 5.68
750 18 2.85 5.29
760 18 2.62 4.85
770 18 2.39 4.43
610 19 0.27 8.30
620 19 0.35 8.10
630 19 0.43 7.89
640 19 0.51 7.69
650 19 0.68 7.49
660 19 0.95 7.29
670 19 1.22 7.08
680 19 1.51 6.91
690 19 1.93 6.85
700 19 2.34 6.78
710 19 2.67 6.79
720 19 2.99 6.81
730 19 3.30 6.81
740 19 3.58 6.77
750 19 3.87 6.72
760 19 4.15 6.67
770 19 4.47 6.66
780 19 4.80 6.67
790 19 5.14 6.68
800 19 5.46 6.69
630 20 0.16 6.41
640 20 0.44 6.25
650 20 0.71 6.08
660 20 0.99 5.92
670 20 1.12 5.64
680 20 1.24 5.37
690 20 1.28 5.39
700 20 1.32 5.41
710 20 1.37 5.43
720 20 1.41 5.45
730 20 1.45 5.47
740 20 1.49 5.49
750 20 1.49 5.27
760 20 1.46 4.94
770 20 1.40 4.55
780 20 1.29 4.17
790 20 1.09 3.80
800 20 0.88 3.43
810 20 0.64 3.06
820 20 0.39 2.70
860 21 14.00 10.94
870 21 13.95 10.48
880 21 13.90 10.02
890 21 13.79 9.60
900 21 13.65 9.23
910 21 13.50 8.86
920 21 13.32 8.51
930 21 13.11 8.17
940 21 12.90 7.84
950 21 12.68 7.49
960 21 12.46 7.12
970 21 12.24 6.75
980 21 11.95 6.42
990 21 11.52 6.17
1000 21 11.06 5.94
1010 21 10.46 5.80
1020 21 9.87 5.67
1030 21 9.28 5.58
1040 21 8.69 5.51
1050 21 8.10 5.43
850 22 0.36 8.74
860 22 0.47 8.51
870 22 0.58 8.28
880 22 0.69 8.05
890 22 0.80 7.82
900 22 1.00 7.53
910 22 1.27 7.20
920 22 1.53 6.86
930 22 1.90 6.76
940 22 2.27 6.68
950 22 2.65 6.61
960 22 3.03 6.62
970 22 3.40 6.63
980 22 3.78 6.63
990 22 4.24 6.62
1000 22 4.72 6.61
1010 22 5.21 6.59
1020 22 5.68 6.55
1030 22 6.13 6.47
1040 22 6.58 6.40
1080 23 14.86 6.61
1090 23 14.40 6.47
1100 23 13.94 6.34
1110 23 13.41 6.31
1120 23 12.88 6.29
1130 23 12.35 6.26
1140 23 11.90 6.13
1150 23 11.46 5.99
1160 23 11.01 5.86
1170 23 10.55 5.78
1180 23 10.09 5.71
1190 23 9.63 5.64
1200 23 9.16 5.54
1210 23 8.66 5.40
1220 23 8.17 5.25
1230 23 7.68 5.11
1240 23 7.23 4.92
1250 23 6.78 4.74
1260 23 6.33 4.60
1270 23 5.88 4.56
1090 24 15.31 2.91
1100 24 14.76 2.92
1110 24 14.20 2.92
1120 24 13.64 2.93
1130 24 13.10 2.90
1140 24 12.57 2.82
1150 24 12.04 2.75
1160 24 11.50 2.67
1170 24 10.98 2.68
1180 24 10.46 2.73
1190 24 9.94 2.78
1200 24 9.42 2.83
1210 24 8.91 2.86
1220 24 8.40 2.90
1230 24 7.89 2.93
1240 24 7.38 2.97
1250 24 6.89 2.99
1260 24 6.41 3.00
1270 24 5.94 3.01
1280 24 5.46 3.03
1100 25 15.05 3.44
1110 25 14.44 3.46
1120 25 13.83 3.48
1130 25 13.22 3.51
1140 25 12.65 3.56
1150 25 12.09 3.61
1160 25 11.53 3.66
1170 25 10.98 3.71
1180 25 10.47 3.74
1190 25 9.96 3.77
1200 25 9.44 3.81
1210 25 8.93 3.84
1220 25 8.44 3.86
1230 25 7.94 3.88
1240 25 7.45 3.91
1250 25 6.95 3.93
1260 25 6.47 3.92
1270 25 6.00 3.90
1280 25 5.53 3.87
1290 25 5.06 3.84
1160 26 0.41 3.29
1170 26 1.01 3.44
1180 26 1.61 3.58
1190 26 2.17 3.79
1200 26 2.72 4.01
1210 26 3.29 4.21
1220 26 3.90 4.36
1230 26 4.48 4.54
1240 26 5.02 4.74
1250 26 5.57 4.94
1260 26 6.11 5.03
1270 26 6.65 5.09
1280 26 7.18 5.11
1290 26 7.71 5.11
1300 26 8.24 5.09
1310 26 8.75 4.96
1320 26 9.26 4.82
1330 26 9.78 4.68
1340 26 10.32 4.46
1350 26 10.86 4.23
1300 27 15.23 6.95
1310 27 14.68 6.82
1320 27 14.12 6.70
1330 27 13.56 6.56
1340 27 12.98 6.42
1350 27 12.39 6.27
1360 27 11.74 6.13
1370 27 11.09 6.02
1380 27 10.46 5.97
1390 27 9.83 5.92
1400 27 9.23 5.98
1410 27 8.64 6.03
1420 27 8.04 6.09
1430 27 7.38 6.12
1440 27 6.71 6.16
1450 27 6.05 6.20
1460 27 5.43 6.25
1470 27 4.82 6.31
1480 27 4.22 6.37
1490 27 3.63 6.48
1550 28 0.12 4.89
1560 28 0.63 4.88
1570 28 1.14 4.87
1580 28 1.65 4.86
1590 28 2.15 4.83
1600 28 2.64 4.79
1610 28 3.14 4.78
1620 28 3.67 4.79
1630 28 4.19 4.80
1640 28 4.71 4.82
1650 28 5.22 4.81
1660 28 5.74 4.79
1670 28 6.25 4.78
1680 28 6.75 4.79
1690 28 7.24 4.80
1700 28 7.73 4.82
1710 28 8.25 4.80
1720 28 8.77 4.78
1730 28 9.29 4.75
1740 28 9.82 4.73
1550 29 0.12 5.76
1560 29 0.61 5.71
1570 29 1.11 5.67
1580 29 1.60 5.63
1590 29 2.10 5.61
1600 29 2.61 5.60
1610 29 3.11 5.59
1620 29 3.62 5.59
1630 29 4.13 5.58
1640 29 4.65 5.56
1650 29 5.18 5.54
1660 29 5.70 5.52
1670 29 6.22 5.52
1680 29 6.74 5.53
1690 29 7.26 5.55
1700 29 7.78 5.56
1710 29 8.28 5.53
1720 29 8.79 5.49
1730 29 9.30 5.45
1740 29 9.82 5.40
1560 30 15.01 4.56
1570 30 14.34 4.55
1580 30 13.68 4.54
1590 30 13.04 4.57
1600 30 12.42 4.63
1610 30 11.81 4.70
1620 30 11.19 4.71
1630 30 10.58 4.72
1640 30 9.97 4.68
1650 30 9.35 4.60
1660 30 8.74 4.53
1670 30 8.14 4.45
1680 30 7.55 4.39
1690 30 7.01 4.39
1700 30 6.44 4.40
1710 30 5.85 4.43
1720 30 5.29 4.39
1730 30 4.79 4.27
1740 30 4.28 4.14
1750 30 3.75 4.09
1570 31 14.61 3.78
1580 31 13.94 3.85
1590 31 13.27 3.93
1600 31 12.62 3.96
1610 31 11.98 3.96
1620 31 11.34 3.96
1630 31 10.72 3.94
1640 31 10.10 3.91
1650 31 9.48 3.89
1660 31 8.91 3.88
1670 31 8.33 3.87
1680 31 7.76 3.79
1690 31 7.20 3.70
1700 31 6.65 3.58
1710 31 6.11 3.44
1720 31 5.57 3.31
1730 31 5.00 3.25
1740 31 4.43 3.20
1750 31 3.84 3.19
1760 31 3.22 3.22
1660 32 0.04 4.03
1670 32 0.54 4.05
1680 32 1.04 4.08
1690 32 1.54 4.10
1700 32 2.03 4.13
1710 32 2.51 4.16
1720 32 3.00 4.19
1730 32 3.37 4.37
1740 32 3.73 4.59
1750 32 4.09 4.75
1760 32 4.47 4.88
1770 32 4.79 4.89
1780 32 5.11 4.89
1790 32 5.37 4.90
1800 32 5.41 4.91
1810 32 5.44 4.92
1820 32 5.47 4.94
1830 32 5.51 4.95
1840 32 5.54 4.97
1850 32 5.58 4.98
1660 33 -0.02 4.84
1670 33 0.46 4.85
1680 33 0.93 4.86
1690 33 1.41 4.87
1700 33 1.90 4.90
1710 33 2.39 4.94
1720 33 2.87 5.00
1730 33 3.31 5.16
1740 33 3.74 5.33
1750 33 4.20 5.42
1760 33 4.65 5.50
1770 33 4.97 5.57
1780 33 5.15 5.64
1790 33 5.30 5.70
1800 33 5.32 5.71
1810 33 5.33 5.72
1820 33 5.34 5.72
1830 33 5.35 5.73
1840 33 5.36 5.73
1850 33 5.37 5.74
1820 34 0.21 7.03
1830 34 0.40 6.93
1840 34 0.58 6.84
1850 34 0.77 6.71
1860 34 0.97 6.56
1870 34 1.17 6.40
1880 34 1.37 6.24
1890 34 1.54 6.17
1900 34 1.69 6.12
1910 34 1.85 6.07
1920 34 2.00 6.02
1930 34 2.21 6.00
1940 34 2.43 5.98
1950 34 2.65 5.96
1960 34 2.86 5.94
1970 34 3.04 6.01
1980 34 3.22 6.08
1990 34 3.39 6.15
2000 34 3.56 6.21
2010 34 3.63 6.26
1850 35 0.17 5.77
1860 35 0.38 5.67
1870 35 0.59 5.57
1880 35 0.80 5.47
1890 35 1.01 5.37
1900 35 1.23 5.33
1910 35 1.46 5.33
1920 35 1.69 5.34
1930 35 1.89 5.35
1940 35 2.04 5.36
1950 35 2.19 5.36
1960 35 2.36 5.38
1970 35 2.57 5.43
1980 35 2.78 5.47
1990 35 2.99 5.51
2000 35 3.16 5.57
2010 35 3.33 5.62
2020 35 3.49 5.67
2030 35 3.66 5.73
2040 35 3.77 5.74
2030 36 0.41 5.27
2040 36 1.15 5.06
2050 36 1.86 4.88
2060 36 2.54 4.76
2070 36 3.21 4.65
2080 36 3.89 4.56
2090 36 4.57 4.47
2100 36 5.28 4.39
2110 36 6.00 4.32
2120 36 6.72 4.24
2130 36 7.46 4.16
2140 36 8.20 4.07
2150 36 8.94 3.99
2160 36 9.73 3.90
2170 36 10.51 3.82
2180 36 11.29 3.72
2190 36 12.09 3.58
2200 36 12.90 3.44
2210 36 13.70 3.30
2220 36 14.50 3.16
2080 37 14.71 4.73
2090 37 14.05 4.96
2100 37 13.44 5.15
2110 37 12.86 5.32
2120 37 12.27 5.50
2130 37 11.68 5.67
2140 37 11.09 5.81
2150 37 10.50 5.90
2160 37 9.91 6.02
2170 37 9.34 6.19
2180 37 8.76 6.36
2190 37 8.18 6.47
2200 37 7.59 6.55
2210 37 7.00 6.64
2220 37 6.43 6.70
2230 37 5.86 6.75
2240 37 5.30 6.80
2250 37 4.70 6.87
2260 37 4.09 6.94
2270 37 3.48 7.01
2520 38 14.97 4.48
2530 38 14.48 4.54
2540 38 13.98 4.60
2550 38 13.49 4.65
2560 38 12.93 4.68
2570 38 12.36 4.70
2580 38 11.80 4.73
2590 38 11.24 4.75
2600 38 10.72 4.77
2610 38 10.21 4.78
2620 38 9.69 4.80
2630 38 9.17 4.82
2640 38 8.64 4.83
2650 38 8.11 4.84
2660 38 7.58 4.85
2670 38 7.04 4.86
2680 38 6.51 4.82
2690 38 5.99 4.71
2700 38 5.46 4.60
2710 38 4.94 4.49
2530 39 14.72 5.04
2540 39 14.22 5.11
2550 39 13.71 5.18
2560 39 13.14 5.25
2570 39 12.52 5.34
2580 39 11.90 5.42
2590 39 11.30 5.50
2600 39 10.78 5.54
2610 39 10.26 5.58
2620 39 9.74 5.62
2630 39 9.22 5.66
2640 39 8.72 5.65
2650 39 8.22 5.65
2660 39 7.72 5.64
2670 39 7.22 5.63
2680 39 6.73 5.65
2690 39 6.25 5.68
2700 39 5.77 5.71
2710 39 5.27 5.68
2720 39 4.72 5.52
2870 40 15.04 3.84
2880 40 14.53 3.90
2890 40 14.02 3.97
2900 40 13.51 4.03
2910 40 13.05 4.10
2920 40 12.59 4.16
2930 40 12.13 4.23
2940 40 11.63 4.28
2950 40 11.12 4.32
2960 40 10.60 4.37
2970 40 10.08 4.42
2980 40 9.63 4.50
2990 40 9.18 4.58
3000 40 8.73 4.67
3010 40 8.27 4.75
3020 40 7.80 4.83
3030 40 7.34 4.90
3040 40 6.88 4.98
3050 40 6.44 5.03
3060 40 6.02 5.05
2880 41 15.02 4.26
2890 41 14.57 4.33
2900 41 14.11 4.40
2910 41 13.65 4.47
2920 41 13.17 4.57
2930 41 12.69 4.67
2940 41 12.21 4.76
2950 41 11.78 4.83
2960 41 11.35 4.90
2970 41 10.91 4.96
2980 41 10.48 5.03
2990 41 10.04 5.01
3000 41 9.61 4.97
3010 41 9.17 4.94
3020 41 8.74 4.93
3030 41 8.34 5.00
3040 41 7.93 5.07
3050 41 7.53 5.13
3060 41 7.11 5.18
3070 41 6.68 5.22
2930 42 -0.09 5.76
2940 42 0.45 5.74
2950 42 1.00 5.71
2960 42 1.55 5.69
2970 42 2.07 5.70
2980 42 2.57 5.72
2990 42 3.07 5.75
3000 42 3.57 5.78
3010 42 4.05 5.78
3020 42 4.52 5.79
3030 42 5.00 5.80
3040 42 5.49 5.80
3050 42 6.00 5.81
3060 42 6.50 5.81
3070 42 7.01 5.82
3080 42 7.51 5.82
3090 42 8.01 5.81
3100 42 8.50 5.81
3110 42 9.00 5.80
3120 42 9.48 5.75
3030 43 14.74 4.60
3040 43 14.06 4.65
3050 43 13.39 4.70
3060 43 12.73 4.69
3070 43 12.10 4.61
3080 43 11.47 4.53
3090 43 10.81 4.50
3100 43 10.13 4.54
3110 43 9.44 4.57
3120 43 8.78 4.68
3130 43 8.13 4.81
3140 43 7.48 4.94
3150 43 6.82 5.04
3160 43 6.16 5.10
3170 43 5.49 5.17
3180 43 4.83 5.22
3190 43 4.16 5.26
3200 43 3.50 5.30
3210 43 2.83 5.32
3220 43 2.15 5.31
3040 44 0.30 4.87
3050 44 0.78 4.84
3060 44 1.26 4.81
3070 44 1.76 4.78
3080 44 2.28 4.73
3090 44 2.80 4.68
3100 44 3.33 4.63
3110 44 3.86 4.57
3120 44 4.40 4.52
3130 44 4.94 4.46
3140 44 5.46 4.42
3150 44 5.96 4.40
3160 44 6.46 4.37
3170 44 6.96 4.35
3180 44 7.49 4.31
3190 44 8.04 4.28
3200 44 8.58 4.25
3210 44 9.11 4.20
3220 44 9.61 4.10
3230 44 10.11 4.00
3040 45 0.11 4.16
3050 45 0.67 4.06
3060 45 1.23 3.96
3070 45 1.77 3.86
3080 45 2.26 3.84
3090 45 2.75 3.82
3100 45 3.24 3.80
3110 45 3.75 3.76
3120 45 4.29 3.71
3130 45 4.82 3.65
3140 45 5.35 3.60
3150 45 5.88 3.58
3160 45 6.41 3.57
3170 45 6.93 3.56
3180 45 7.46 3.56
3190 45 7.97 3.49
3200 45 8.45 3.37
3210 45 8.93 3.24
3220 45 9.41 3.12
3230 45 9.90 3.00
3130 46 0.54 4.00
3140 46 1.08 4.05
3150 46 1.63 4.09
3160 46 2.16 4.15
3170 46 2.67 4.22
3180 46 3.18 4.29
3190 46 3.67 4.32
3200 46 4.15 4.31
3210 46 4.63 4.30
3220 46 5.11 4.30
3230 46 5.63 4.26
3240 46 6.18 4.19
3250 46 6.73 4.12
3260 46 7.27 4.06
3270 46 7.76 4.04
3280 46 8.25 4.02
3290 46 8.74 4.00
3300 46 9.24 3.98
3310 46 9.78 3.98
3320 46 10.31 3.97
3130 47 0.45 3.27
3140 47 0.88 3.34
3150 47 1.31 3.40
3160 47 1.75 3.46
3170 47 2.24 3.46
3180 47 2.73 3.46
3190 47 3.22 3.46
3200 47 3.70 3.46
3210 47 4.22 3.44
3220 47 4.73 3.42
3230 47 5.25 3.40
3240 47 5.77 3.38
3250 47 6.31 3.35
3260 47 6.85 3.32
3270 47 7.39 3.29
3280 47 7.92 3.27
3290 47 8.44 3.28
3300 47 8.95 3.28
3310 47 9.47 3.29
3320 47 9.98 3.29
3190 48 0.29 3.44
3200 48 0.80 3.39
3210 48 1.30 3.35
3220 48 1.80 3.32
3230 48 2.26 3.31
3240 48 2.72 3.30
3250 48 3.18 3.30
3260 48 3.66 3.29
3270 48 4.15 3.27
3280 48 4.64 3.26
3290 48 5.13 3.25
3300 48 5.61 3.25
3310 48 6.09 3.25
3320 48 6.56 3.25
3330 48 7.05 3.25
3340 48 7.57 3.26
3350 48 8.10 3.27
3360 48 8.62 3.28
3370 48 9.15 3.29
3380 48 9.69 3.29
3210 49 14.77 3.59
3220 49 14.21 3.69
3230 49 13.64 3.79
3240 49 13.07 3.91
3250 49 12.49 4.05
3260 49 11.92 4.18
3270 49 11.36 4.31
3280 49 10.87 4.45
3290 49 10.37 4.58
3300 49 9.87 4.72
3310 49 9.38 4.78
3320 49 8.90 4.73
3330 49 8.41 4.68
3340 49 7.92 4.63
3350 49 7.42 4.64
3360 49 6.91 4.72
3370 49 6.39 4.79
3380 49 5.87 4.87
3390 49 5.41 4.98
3400 49 4.95 5.10
3210 50 14.91 4.47
3220 50 14.34 4.62
3230 50 13.76 4.77
3240 50 13.24 4.84
3250 50 12.72 4.91
3260 50 12.21 5.00
3270 50 11.71 5.11
3280 50 11.22 5.23
3290 50 10.72 5.35
3300 50 10.21 5.43
3310 50 9.68 5.48
3320 50 9.15 5.53
3330 50 8.62 5.58
3340 50 8.10 5.64
3350 50 7.61 5.68
3360 50 7.13 5.72
3370 50 6.64 5.76
3380 50 6.16 5.81
3390 50 5.66 5.88
3400 50 5.16 5.95
3340 51 0.43 3.24
3350 51 1.03 3.23
3360 51 1.63 3.22
3370 51 2.17 3.20
3380 51 2.69 3.16
3390 51 3.21 3.12
3400 51 3.75 3.08
3410 51 4.30 3.03
3420 51 4.85 2.97
3430 51 5.40 2.92
3440 51 5.99 2.89
3450 51 6.59 2.87
3460 51 7.19 2.85
3470 51 7.78 2.83
3480 51 8.38 2.82
3490 51 8.97 2.81
3500 51 9.56 2.79
3510 51 10.18 2.77
3520 51 10.81 2.75
3530 51 11.44 2.72
3370 52 0.01 4.07
3380 52 0.57 4.03
3390 52 1.12 3.99
3400 52 1.68 3.95
3410 52 2.24 3.90
3420 52 2.79 3.85
3430 52 3.35 3.79
3440 52 3.94 3.76
3450 52 4.54 3.72
3460 52 5.13 3.69
3470 52 5.72 3.65
3480 52 6.34 3.66
3490 52 6.96 3.68
3500 52 7.58 3.69
3510 52 8.22 3.68
3520 52 8.89 3.64
3530 52 9.56 3.60
3540 52 10.22 3.56
3550 52 10.85 3.52
3560 52 11.46 3.47
3370 53 0.27 6.79
3380 53 0.76 6.69
3390 53 1.25 6.58
3400 53 1.79 6.56
3410 53 2.35 6.55
3420 53 2.90 6.53
3430 53 3.42 6.50
3440 53 3.93 6.47
3450 53 4.45 6.42
3460 53 5.01 6.21
3470 53 5.56 6.00
3480 53 6.13 5.80
3490 53 6.71 5.63
3500 53 7.29 5.45
3510 53 7.87 5.27
3520 53 8.45 5.19
3530 53 9.03 5.11
3540 53 9.61 5.03
3550 53 10.18 4.86
3560 53 10.76 4.67
3570 54 15.10 3.91
3580 54 14.83 4.03
3590 54 14.56 4.14
3600 54 14.36 4.26
3610 54 14.30 4.36
3620 54 14.23 4.47
3630 54 14.12 4.56
3640 54 13.76 4.59
3650 54 13.41 4.62
3660 54 12.96 4.61
3670 54 12.48 4.59
3680 54 11.97 4.59
3690 54 11.41 4.61
3700 54 10.86 4.62
3710 54 10.36 4.62
3720 54 9.90 4.59
3730 54 9.44 4.57
3740 54 8.98 4.54
3750 54 8.52 4.56
3760 54 8.07 4.59
3580 55 15.04 4.67
3590 55 14.95 4.50
3600 55 14.86 4.34
3610 55 14.76 4.17
3620 55 14.61 4.00
3630 55 14.21 3.85
3640 55 13.81 3.70
3650 55 13.27 3.74
3660 55 12.73 3.78
3670 55 12.22 3.81
3680 55 11.73 3.83
3690 55 11.24 3.85
3700 55 10.74 3.87
3710 55 10.24 3.87
3720 55 9.74 3.87
3730 55 9.24 3.87
3740 55 8.78 3.91
3750 55 8.31 3.95
3760 55 7.85 3.99
3770 55 7.41 4.00
3580 56 0.15 8.46
3590 56 0.30 8.13
3600 56 0.44 7.79
3610 56 0.58 7.45
3620 56 0.78 7.14
3630 56 1.21 6.92
3640 56 1.64 6.70
3650 56 2.09 6.54
3660 56 2.55 6.44
3670 56 3.02 6.34
3680 56 3.47 6.29
3690 56 3.91 6.26
3700 56 4.35 6.22
3710 56 4.83 6.17
3720 56 5.33 6.10
3730 56 5.83 6.04
3740 56 6.32 5.94
3750 56 6.76 5.77
3760 56 7.20 5.60
3770 56 7.65 5.44
3660 57 0.21 6.31
3670 57 0.64 5.94
3680 57 1.07 5.57
3690 57 1.52 5.24
3700 57 2.06 5.05
3710 57 2.61 4.86
3720 57 3.11 4.58
3730 57 3.60 4.28
3740 57 4.10 3.99
3750 57 4.59 3.78
3760 57 5.08 3.56
3770 57 5.59 3.37
3780 57 6.20 3.27
3790 57 6.81 3.18
3800 57 7.38 3.25
3810 57 7.94 3.39
3820 57 8.50 3.54
3830 57 9.07 3.67
3840 57 9.64 3.80
3850 57 10.21 3.92
3630 58 14.86 4.75
3640 58 14.47 4.93
3650 58 14.04 5.11
3660 58 13.50 5.28
3670 58 12.95 5.45
3680 58 12.44 5.55
3690 58 11.95 5.63
3700 58 11.45 5.70
3710 58 11.04 5.79
3720 58 10.64 5.87
3730 58 10.24 5.96
3740 58 9.88 6.09
3750 58 9.52 6.22
3760 58 9.15 6.35
3770 58 8.72 6.49
3780 58 8.28 6.63
3790 58 7.84 6.76
3800 58 7.32 6.77
3810 58 6.80 6.79
3820 58 6.28 6.80
3650 59 15.00 4.39
3660 59 14.49 4.58
3670 59 13.98 4.78
3680 59 13.47 4.98
3690 59 12.95 5.07
3700 59 12.43 5.13
3710 59 11.92 5.17
3720 59 11.43 5.21
3730 59 10.94 5.25
3740 59 10.51 5.34
3750 59 10.07 5.43
3760 59 9.63 5.61
3770 59 9.19 5.86
3780 59 8.76 6.11
3790 59 8.27 6.13
3800 59 7.78 6.13
3810 59 7.30 6.13
3820 59 6.82 6.13
3830 59 6.35 6.12
3840 59 5.88 6.12
3760 60 0.39 4.08
3770 60 0.84 4.05
3780 60 1.29 4.02
3790 60 1.74 4.01
3800 60 2.18 4.01
3810 60 2.62 4.01
3820 60 3.06 4.01
3830 60 3.51 3.99
3840 60 3.95 3.98
3850 60 4.40 3.97
3860 60 4.87 4.01
3870 60 5.33 4.05
3880 60 5.79 4.09
3890 60 6.25 4.14
3900 60 6.70 4.20
3910 60 7.16 4.25
3920 60 7.64 4.31
3930 60 8.12 4.36
3940 60 8.61 4.42
3950 60 9.10 4.47
3760 61 0.15 3.57
3770 61 0.62 3.53
3780 61 1.10 3.50
3790 61 1.57 3.47
3800 61 2.01 3.44
3810 61 2.44 3.40
3820 61 2.87 3.37
3830 61 3.30 3.34
3840 61 3.76 3.34
3850 61 4.22 3.33
3860 61 4.68 3.32
3870 61 5.14 3.32
3880 61 5.59 3.38
3890 61 6.04 3.45
3900 61 6.48 3.51
3910 61 6.93 3.58
3920 61 7.38 3.65
3930 61 7.89 3.67
3940 61 8.39 3.69
3950 61 8.90 3.71
3760 62 0.22 2.90
3770 62 0.67 2.93
3780 62 1.11 2.96
3790 62 1.56 2.98
3800 62 2.02 2.91
3810 62 2.48 2.83
3820 62 2.95 2.74
3830 62 3.41 2.74
3840 62 3.86 2.74
3850 62 4.33 2.76
3860 62 4.85 2.83
3870 62 5.36 2.90
3880 62 5.88 2.97
3890 62 6.36 3.03
3900 62 6.79 3.10
3910 62 7.23 3.17
3920 62 7.66 3.23
3930 62 8.14 3.25
3940 62 8.64 3.25
3950 62 9.14 3.25
4010 65 12.62 12.34
4020 65 12.71 12.01
4030 65 12.80 11.68
4040 65 12.88 11.35
4050 65 12.97 11.02
4060 65 13.00 10.73
4070 65 13.00 10.49
4080 65 13.00 10.24
4090 65 12.99 9.99
4100 65 12.99 9.74
4110 65 12.99 9.49
4120 65 12.99 9.23
4130 65 12.99 8.97
4140 65 13.00 8.72
4150 65 13.00 8.46
4160 65 13.00 8.21
4170 65 13.01 7.95
4180 65 12.95 7.66
4190 65 12.89 7.37
4200 65 12.82 7.08
4010 66 13.38 12.28
4020 66 13.40 12.07
4030 66 13.41 11.85
4040 66 13.43 11.63
4050 66 13.44 11.42
4060 66 13.47 11.17
4070 66 13.53 10.86
4080 66 13.58 10.55
4090 66 13.64 10.25
4100 66 13.69 9.94
4110 66 13.71 9.66
4120 66 13.72 9.39
4130 66 13.73 9.12
4140 66 13.74 8.85
4150 66 13.74 8.57
4160 66 13.74 8.28
4170 66 13.73 8.00
4180 66 13.73 7.71
4190 66 13.72 7.42
4200 66 13.66 7.13
4310 67 15.16 6.90
4320 67 14.72 6.81
4330 67 14.28 6.73
4340 67 13.84 6.64
4350 67 13.40 6.51
4360 67 12.97 6.33
4370 67 12.54 6.15
4380 67 12.07 6.05
4390 67 11.59 5.96
4400 67 11.11 5.86
4410 67 10.64 5.82
4420 67 10.17 5.87
4430 67 9.70 5.92
4440 67 9.23 5.98
4450 67 8.76 6.10
4460 67 8.29 6.23
4470 67 7.82 6.33
4480 67 7.36 6.34
4490 67 6.90 6.36
4500 67 6.43 6.37
4350 68 0.08 3.93
4360 68 0.52 3.98
4370 68 0.96 4.04
4380 68 1.40 4.05
4390 68 1.85 4.03
4400 68 2.29 4.01
4410 68 2.73 3.99
4420 68 3.16 3.97
4430 68 3.60 3.94
4440 68 4.02 3.92
4450 68 4.44 3.90
4460 68 4.86 3.88
4470 68 5.31 3.86
4480 68 5.81 3.84
4490 68 6.31 3.81
4500 68 6.80 3.80
4510 68 7.20 3.85
4520 68 7.60 3.90
4530 68 8.00 3.95
4540 68 8.40 3.95
4360 69 0.64 2.78
4370 69 1.41 2.82
4380 69 2.18 2.85
4390 69 2.92 2.89
4400 69 3.64 2.93
4410 69 4.35 2.98
4420 69 5.08 2.98
4430 69 5.81 2.98
4440 69 6.54 2.98
4450 69 7.31 3.00
4460 69 8.10 3.02
4470 69 8.90 3.05
4480 69 9.71 3.07
4490 69 10.54 3.08
4500 69 11.37 3.10
4510 69 12.19 3.12
4520 69 13.00 3.14
4530 69 13.81 3.16
4540 69 14.62 3.19
4550 69 15.43 3.21
4460 70 5.13 4.55
4470 70 5.57 4.54
4480 70 6.02 4.52
4490 70 6.46 4.51
4500 70 6.87 4.52
4510 70 7.28 4.52
4520 70 7.69 4.53
4530 70 8.08 4.55
4540 70 8.46 4.58
4550 70 8.83 4.61
4560 70 9.19 4.64
4570 70 9.47 4.72
4580 70 9.75 4.79
4590 70 10.03 4.86
4600 70 10.29 4.94
4610 70 10.54 5.02
4620 70 10.79 5.10
4630 70 11.05 5.19
4640 70 11.30 5.27
4650 70 11.57 5.42
4670 72 0.52 4.11
4680 72 1.11 4.17
4690 72 1.69 4.23
4700 72 2.28 4.29
4710 72 2.82 4.20
4720 72 3.36 4.10
4730 72 3.90 3.99
4740 72 4.44 3.95
4750 72 4.98 3.99
4760 72 5.52 4.02
4770 72 6.06 4.06
4780 72 6.61 4.09
4790 72 7.16 4.12
4800 72 7.72 4.15
4810 72 8.27 4.15
4820 72 8.81 4.08
4830 72 9.36 4.00
4840 72 9.90 3.92
4850 72 10.44 3.98
4860 72 10.99 4.06
4750 73 14.72 4.65
4760 73 14.11 4.60
4770 73 13.51 4.54
4780 73 12.97 4.45
4790 73 12.43 4.37
4800 73 11.88 4.32
4810 73 11.31 4.45
4820 73 10.74 4.57
4830 73 10.16 4.70
4840 73 9.60 4.71
4850 73 9.04 4.64
4860 73 8.48 4.58
4870 73 7.93 4.51
4880 73 7.39 4.41
4890 73 6.86 4.29
4900 73 6.33 4.16
4910 73 5.81 4.03
4920 73 5.25 3.98
4930 73 4.70 3.93
4940 73 4.15 3.88
4750 74 15.05 5.18
4760 74 14.50 5.21
4770 74 13.96 5.24
4780 74 13.41 5.27
4790 74 12.83 5.30
4800 74 12.24 5.33
4810 74 11.66 5.36
4820 74 11.07 5.39
4830 74 10.51 5.40
4840 74 9.94 5.41
4850 74 9.38 5.41
4860 74 8.82 5.42
4870 74 8.27 5.41
4880 74 7.71 5.40
4890 74 7.16 5.39
4900 74 6.61 5.38
4910 74 6.04 5.35
4920 74 5.46 5.30
4930 74 4.87 5.26
4940 74 4.28 5.21
4820 75 15.27 4.35
4830 75 14.56 4.45
4840 75 13.84 4.54
4850 75 13.13 4.64
4860 75 12.47 4.78
4870 75 11.81 4.91
4880 75 11.16 5.05
4890 75 10.53 5.16
4900 75 9.91 5.27
4910 75 9.28 5.38
4920 75 8.68 5.50
4930 75 8.09 5.61
4940 75 7.49 5.73
4950 75 6.89 5.84
4960 75 6.30 5.93
4970 75 5.70 6.03
4980 75 5.10 6.12
4990 75 4.50 6.22
5000 75 3.90 6.31
5010 75 3.30 6.41
5000 76 15.02 3.89
5010 76 14.63 3.90
5020 76 14.24 3.90
5030 76 13.85 3.91
5040 76 13.60 3.90
5050 76 13.48 3.88
5060 76 13.36 3.86
5070 76 13.24 3.84
5080 76 13.09 3.84
5090 76 12.94 3.84
5100 76 12.79 3.84
5110 76 12.63 3.84
5120 76 12.42 3.85
5130 76 12.22 3.85
5140 76 12.01 3.86
5150 76 11.80 3.86
5160 76 11.55 3.89
5170 76 11.23 3.94
5180 76 10.91 4.00
5190 76 10.59 4.05
5030 77 14.92 7.48
5040 77 14.59 7.16
5050 77 14.27 6.85
5060 77 14.06 6.67
5070 77 13.85 6.48
5080 77 13.65 6.29
5090 77 13.47 6.13
5100 77 13.30 5.96
5110 77 13.12 5.80
5120 77 12.90 5.73
5130 77 12.66 5.71
5140 77 12.42 5.68
5150 77 12.19 5.66
5160 77 11.90 5.63
5170 77 11.62 5.60
5180 77 11.34 5.58
5190 77 11.05 5.55
5200 77 10.78 5.56
5210 77 10.54 5.61
5220 77 10.29 5.67
5040 78 15.14 7.37
5050 78 14.90 7.02
5060 78 14.67 6.68
5070 78 14.43 6.34
5080 78 14.21 6.04
5090 78 13.98 5.73
5100 78 13.74 5.46
5110 78 13.46 5.29
5120 78 13.17 5.12
5130 78 12.87 5.02
5140 78 12.56 5.00
5150 78 12.25 4.97
5160 78 11.94 4.94
5170 78 11.61 4.95
5180 78 11.27 4.95
5190 78 10.93 4.96
5200 78 10.62 4.96
5210 78 10.38 4.95
5220 78 10.15 4.95
5230 78 9.91 4.95
5060 79 0.18 3.93
5070 79 0.67 4.01
5080 79 1.16 4.08
5090 79 1.64 4.15
5100 79 2.07 4.13
5110 79 2.51 4.10
5120 79 2.94 4.08
5130 79 3.37 4.05
5140 79 3.84 3.98
5150 79 4.30 3.91
5160 79 4.77 3.83
5170 79 5.23 3.76
5180 79 5.69 3.69
5190 79 6.15 3.62
5200 79 6.61 3.55
5210 79 7.07 3.48
5220 79 7.55 3.48
5230 79 8.02 3.47
5240 79 8.49 3.47
5250 79 8.97 3.46
5090 80 0.00 3.86
5100 80 0.52 3.94
5110 80 1.04 4.03
5120 80 1.56 4.11
5130 80 2.05 4.16
5140 80 2.54 4.21
5150 80 3.02 4.25
5160 80 3.50 4.28
5170 80 3.98 4.29
5180 80 4.45 4.30
5190 80 4.93 4.31
5200 80 5.40 4.27
5210 80 5.85 4.10
5220 80 6.30 3.92
5230 80 6.75 3.75
5240 80 7.08 3.61
5250 80 7.37 3.49
5260 80 7.65 3.37
5270 80 7.93 3.25
5280 80 8.25 3.17
5090 81 15.17 6.99
5100 81 14.84 6.93
5110 81 14.51 6.87
5120 81 14.18 6.81
5130 81 13.91 6.74
5140 81 13.68 6.68
5150 81 13.46 6.61
5160 81 13.24 6.54
5170 81 12.94 6.39
5180 81 12.64 6.24
5190 81 12.35 6.10
5200 81 12.05 5.99
5210 81 11.75 5.90
5220 81 11.45 5.82
5230 81 11.16 5.70
5240 81 10.87 5.55
5250 81 10.58 5.40
5260 81 10.30 5.22
5270 81 10.03 5.01
5280 81 9.75 4.79
5100 82 15.07 6.11
5110 82 14.82 6.13
5120 82 14.56 6.14
5130 82 14.31 6.16
5140 82 14.08 6.03
5150 82 13.84 5.90
5160 82 13.61 5.77
5170 82 13.29 5.63
5180 82 12.89 5.48
5190 82 12.48 5.33
5200 82 12.08 5.18
5210 82 11.77 4.99
5220 82 11.49 4.79
5230 82 11.21 4.59
5240 82 10.92 4.39
5250 82 10.66 4.29
5260 82 10.40 4.19
5270 82 10.12 4.09
5280 82 9.81 4.02
5290 82 9.49 3.95
5130 83 0.15 6.73
5140 83 0.49 6.45
5150 83 0.83 6.17
5160 83 1.18 5.89
5170 83 1.57 5.79
5180 83 1.97 5.68
5190 83 2.37 5.58
5200 83 2.81 5.44
5210 83 3.27 5.29
5220 83 3.74 5.13
5230 83 4.21 4.97
5240 83 4.64 4.81
5250 83 5.05 4.64
5260 83 5.45 4.47
5270 83 5.85 4.31
5280 83 6.28 4.13
5290 83 6.70 3.95
5300 83 7.13 3.78
5310 83 7.56 3.61
5320 83 7.98 3.49
5150 84 0.19 5.80
5160 84 0.65 5.59
5170 84 1.11 5.38
5180 84 1.56 5.21
5190 84 1.98 5.16
5200 84 2.40 5.11
5210 84 2.83 5.00
5220 84 3.28 4.79
5230 84 3.73 4.58
5240 84 4.17 4.38
5250 84 4.60 4.20
5260 84 5.02 4.01
5270 84 5.45 3.83
5280 84 5.86 3.63
5290 84 6.28 3.44
5300 84 6.69 3.25
5310 84 7.14 3.13
5320 84 7.59 3.02
5330 84 8.04 2.91
5340 84 8.54 2.81
5120 85 0.34 2.91
5130 85 0.69 2.90
5140 85 1.03 2.89
5150 85 1.16 2.89
5160 85 1.20 2.90
5170 85 1.24 2.91
5180 85 1.28 2.91
5190 85 1.32 2.92
5200 85 1.36 2.93
5210 85 1.40 2.94
5220 85 1.45 2.96
5230 85 1.50 2.98
5240 85 1.54 2.99
5250 85 1.59 3.01
5260 85 1.64 3.03
5270 85 1.69 3.05
5280 85 1.96 3.08
5290 85 2.33 3.11
5300 85 2.70 3.14
5310 85 3.07 3.17
5290 86 0.41 3.61
5300 86 0.95 3.63
5310 86 1.48 3.65
5320 86 1.96 3.62
5330 86 2.41 3.56
5340 86 2.86 3.51
5350 86 3.33 3.47
5360 86 3.80 3.43
5370 86 4.27 3.38
5380 86 4.69 3.30
5390 86 5.08 3.20
5400 86 5.46 3.10
5410 86 5.87 3.13
5420 86 6.28 3.19
5430 86 6.70 3.25
5440 86 7.11 3.32
5450 86 7.52 3.28
5460 86 7.93 3.24
5470 86 8.34 3.19
5480 86 8.78 3.16
5320 87 0.44 3.75
5330 87 0.94 3.76
5340 87 1.45 3.77
5350 87 1.94 3.76
5360 87 2.44 3.74
5370 87 2.93 3.72
5380 87 3.41 3.68
5390 87 3.83 3.57
5400 87 4.25 3.47
5410 87 4.67 3.37
5420 87 5.12 3.36
5430 87 5.57 3.35
5440 87 6.02 3.35
5450 87 6.40 3.42
5460 87 6.78 3.49
5470 87 7.17 3.56
5480 87 7.56 3.53
5490 87 7.95 3.46
5500 87 8.35 3.39
5510 87 8.74 3.32
5320 88 0.52 4.34
5330 88 1.09 4.37
5340 88 1.66 4.40
5350 88 2.18 4.40
5360 88 2.65 4.36
5370 88 3.11 4.32
5380 88 3.57 4.28
5390 88 3.99 4.15
5400 88 4.39 3.99
5410 88 4.80 3.87
5420 88 5.22 3.90
5430 88 5.65 3.95
5440 88 6.09 4.01
5450 88 6.52 4.06
5460 88 6.90 4.08
5470 88 7.28 4.11
5480 88 7.65 4.12
5490 88 8.00 4.06
5500 88 8.35 4.00
5510 88 8.77 3.93
5320 89 14.92 6.82
5330 89 14.39 6.69
5340 89 13.85 6.57
5350 89 13.28 6.40
5360 89 12.69 6.23
5370 89 12.12 6.09
5380 89 11.54 5.99
5390 89 10.97 5.88
5400 89 10.39 5.94
5410 89 9.82 6.07
5420 89 9.24 6.20
5430 89 8.68 6.33
5440 89 8.13 6.46
5450 89 7.59 6.58
5460 89 7.08 6.74
5470 89 6.59 6.91
5480 89 6.11 7.07
5490 89 5.62 7.24
5500 89 5.13 7.41
5510 89 4.70 7.46
5340 90 12.08 12.39
5350 90 12.07 12.15
5360 90 12.06 11.91
5370 90 12.05 11.67
5380 90 12.04 11.43
5390 90 12.04 11.29
5400 90 12.03 11.15
5410 90 12.03 11.02
5420 90 12.03 10.89
5430 90 12.03 10.75
5440 90 12.02 10.62
5450 90 12.02 10.49
5460 90 12.02 10.32
5470 90 12.04 10.01
5480 90 12.06 9.71
5490 90 12.08 9.40
5500 90 12.11 9.09
5510 90 12.14 8.77
5520 90 12.16 8.45
5530 90 12.19 8.14
5370 91 15.05 4.23
5380 91 14.62 4.29
5390 91 14.20 4.35
5400 91 13.77 4.41
5410 91 13.34 4.47
5420 91 12.86 4.56
5430 91 12.37 4.66
5440 91 11.88 4.75
5450 91 11.39 4.84
5460 91 10.97 4.90
5470 91 10.55 4.96
5480 91 10.14 5.01
5490 91 9.72 5.07
5500 91 9.33 5.10
5510 91 8.95 5.13
5520 91 8.57 5.15
5530 91 8.19 5.18
5540 91 7.81 5.20
5550 91 7.47 5.16
5560 91 7.13 5.11
5370 92 15.15 3.09
5380 92 14.68 3.20
5390 92 14.20 3.31
5400 92 13.73 3.42
5410 92 13.27 3.50
5420 92 12.82 3.56
5430 92 12.37 3.61
5440 92 11.92 3.66
5450 92 11.47 3.72
5460 92 11.04 3.84
5470 92 10.61 3.96
5480 92 10.18 4.08
5490 92 9.74 4.20
5500 92 9.40 4.24
5510 92 9.05 4.28
5520 92 8.70 4.32
5530 92 8.35 4.37
5540 92 8.00 4.41
5550 92 7.67 4.39
5560 92 7.34 4.36
5380 93 15.01 3.84
5390 93 14.56 3.83
5400 93 14.12 3.83
5410 93 13.68 3.83
5420 93 13.25 3.95
5430 93 12.83 4.08
5440 93 12.40 4.20
5450 93 11.98 4.29
5460 93 11.55 4.34
5470 93 11.13 4.39
5480 93 10.71 4.43
5490 93 10.30 4.54
5500 93 9.88 4.65
5510 93 9.47 4.76
5520 93 9.07 4.85
5530 93 8.73 4.87
5540 93 8.39 4.90
5550 93 8.05 4.92
5560 93 7.71 4.94
5570 93 7.38 4.94
5410 94 14.92 3.33
5420 94 14.48 3.47
5430 94 14.03 3.60
5440 94 13.60 3.74
5450 94 13.21 3.86
5460 94 12.82 3.98
5470 94 12.42 4.10
5480 94 12.01 4.19
5490 94 11.60 4.28
5500 94 11.19 4.36
5510 94 10.78 4.48
5520 94 10.37 4.61
5530 94 9.96 4.74
5540 94 9.55 4.87
5550 94 9.14 5.08
5560 94 8.72 5.31
5570 94 8.31 5.54
5580 94 7.85 5.70
5590 94 7.35 5.78
5600 94 6.85 5.86
5420 95 14.77 4.16
5430 95 14.33 4.26
5440 95 13.90 4.37
5450 95 13.48 4.46
5460 95 13.08 4.55
5470 95 12.68 4.64
5480 95 12.28 4.72
5490 95 11.88 4.82
5500 95 11.48 4.92
5510 95 11.07 5.02
5520 95 10.67 5.12
5530 95 10.31 5.30
5540 95 9.97 5.49
5550 95 9.62 5.68
5560 95 9.21 5.88
5570 95 8.71 6.09
5580 95 8.21 6.29
5590 95 7.71 6.49
5600 95 7.24 6.58
5610 95 6.77 6.66
5430 96 0.32 2.63
5440 96 0.85 2.65
5450 96 1.38 2.68
5460 96 1.90 2.70
5470 96 2.43 2.70
5480 96 2.95 2.70
5490 96 3.47 2.70
5500 96 3.99 2.70
5510 96 4.48 2.77
5520 96 4.98 2.84
5530 96 5.47 2.92
5540 96 5.96 2.99
5550 96 6.48 3.04
5560 96 7.02 3.06
5570 96 7.56 3.08
5580 96 8.11 3.10
5590 96 8.65 3.12
5600 96 9.16 3.13
5610 96 9.67 3.13
5620 96 10.18 3.13
5430 97 0.32 3.58
5440 97 0.81 3.55
5450 97 1.30 3.53
5460 97 1.79 3.50
5470 97 2.27 3.48
5480 97 2.75 3.47
5490 97 3.22 3.45
5500 97 3.69 3.44
5510 97 4.18 3.47
5520 97 4.66 3.52
5530 97 5.14 3.56
5540 97 5.63 3.61
5550 97 6.21 3.65
5560 97 6.79 3.70
5570 97 7.37 3.75
5580 97 7.85 3.77
5590 97 8.34 3.79
5600 97 8.82 3.81
5610 97 9.34 3.82
5620 97 9.87 3.82
5710 98 14.96 2.53
5720 98 14.49 2.63
5730 98 14.01 2.73
5740 98 13.53 2.83
5750 98 13.06 2.86
5760 98 12.60 2.86
5770 98 12.14 2.85
5780 98 11.68 2.84
5790 98 11.21 2.84
5800 98 10.75 2.81
5810 98 10.28 2.78
5820 98 9.82 2.75
5830 98 9.38 2.77
5840 98 8.96 2.80
5850 98 8.53 2.84
5860 98 8.11 2.87
5870 98 7.69 2.90
5880 98 7.26 2.93
5890 98 6.79 2.88
5900 98 6.32 2.83
5860 99 0.48 5.80
5870 99 0.89 5.79
5880 99 1.30 5.78
5890 99 1.71 5.78
5900 99 2.11 5.74
5910 99 2.50 5.71
5920 99 2.90 5.67
5930 99 3.30 5.64
5940 99 3.70 5.61
5950 99 4.11 5.57
5960 99 4.54 5.54
5970 99 4.98 5.51
5980 99 5.41 5.49
5990 99 5.84 5.46
6000 99 6.30 5.44
6010 99 6.77 5.43
6020 99 7.24 5.42
6030 99 7.72 5.41
6040 99 8.19 5.40
6050 99 8.66 5.41
5860 100 0.26 4.94
5870 100 0.62 4.91
5880 100 0.98 4.89
5890 100 1.35 4.86
5900 100 1.73 4.83
5910 100 2.18 4.80
5920 100 2.62 4.76
5930 100 3.07 4.72
5940 100 3.51 4.68
5950 100 3.96 4.65
5960 100 4.41 4.61
5970 100 4.85 4.58
5980 100 5.30 4.54
5990 100 5.75 4.51
6000 100 6.20 4.48
6010 100 6.65 4.46
6020 100 7.10 4.43
6030 100 7.56 4.41
6040 100 8.02 4.41
6050 100 8.52 4.46
5920 101 14.56 3.95
5930 101 13.84 3.94
5940 101 13.12 3.92
5950 101 12.42 3.87
5960 101 11.73 3.75
5970 101 11.04 3.63
5980 101 10.36 3.51
5990 101 9.64 3.43
6000 101 8.92 3.39
6010 101 8.19 3.34
6020 101 7.46 3.29
6030 101 6.73 3.25
6040 101 6.06 3.28
6050 101 5.39 3.31
6060 101 4.72 3.34
6070 101 4.04 3.37
6080 101 3.36 3.39
6090 101 2.66 3.38
6100 101 1.96 3.38
6110 101 1.26 3.37
5980 102 14.69 3.53
5990 102 13.88 3.63
6000 102 13.07 3.72
6010 102 12.28 3.79
6020 102 11.60 3.74
6030 102 10.91 3.69
6040 102 10.23 3.65
6050 102 9.54 3.64
6060 102 8.84 3.67
6070 102 8.14 3.69
6080 102 7.45 3.72
6090 102 6.75 3.69
6100 102 6.05 3.65
6110 102 5.35 3.61
6120 102 4.65 3.57
6130 102 3.95 3.52
6140 102 3.25 3.48
6150 102 2.50 3.45
6160 102 1.75 3.42
6170 102 1.00 3.40
6070 103 0.13 7.06
6080 103 0.50 6.86
6090 103 0.87 6.67
6100 103 1.25 6.47
6110 103 1.75 6.24
6120 103 2.25 6.00
6130 103 2.75 5.77
6140 103 3.25 5.65
6150 103 3.74 5.61
6160 103 4.24 5.57
6170 103 4.74 5.52
6180 103 5.22 5.42
6190 103 5.70 5.30
6200 103 6.18 5.19
6210 103 6.65 5.07
6220 103 7.15 4.98
6230 103 7.70 4.95
6240 103 8.24 4.92
6250 103 8.79 4.90
6260 103 9.34 4.87
6070 104 0.36 8.04
6080 104 0.73 7.80
6090 104 1.10 7.55
6100 104 1.48 7.32
6110 104 1.92 7.15
6120 104 2.36 6.98
6130 104 2.80 6.81
6140 104 3.28 6.69
6150 104 3.77 6.57
6160 104 4.27 6.46
6170 104 4.76 6.34
6180 104 5.26 6.23
6190 104 5.80 6.15
6200 104 6.34 6.06
6210 104 6.87 5.97
6220 104 7.40 5.89
6230 104 7.89 5.85
6240 104 8.39 5.82
6250 104 8.88 5.78
6260 104 9.37 5.75
6130 105 15.15 4.06
6140 105 14.52 4.15
6150 105 13.89 4.25
6160 105 13.26 4.32
6170 105 12.64 4.30
6180 105 12.02 4.28
6190 105 11.40 4.26
6200 105 10.77 4.24
6210 105 10.13 4.23
6220 105 9.49 4.21
6230 105 8.85 4.19
6240 105 8.21 4.18
6250 105 7.63 4.28
6260 105 7.06 4.38
6270 105 6.49 4.49
6280 105 5.91 4.59
6290 105 5.35 4.69
6300 105 4.80 4.78
6310 105 4.25 4.88
6320 105 3.69 4.97
6140 106 14.78 3.21
6150 106 14.12 3.25
6160 106 13.47 3.29
6170 106 12.82 3.32
6180 106 12.19 3.34
6190 106 11.55 3.36
6200 106 10.92 3.37
6210 106 10.29 3.39
6220 106 9.67 3.40
6230 106 9.05 3.41
6240 106 8.43 3.42
6250 106 7.81 3.44
6260 106 7.27 3.48
6270 106 6.74 3.53
6280 106 6.21 3.58
6290 106 5.68 3.63
6300 106 5.14 3.68
6310 106 4.51 3.77
6320 106 3.88 3.85
6330 106 3.26 3.93
6280 107 0.14 2.48
6290 107 0.72 2.47
6300 107 1.30 2.45
6310 107 1.88 2.44
6320 107 2.41 2.45
6330 107 2.94 2.47
6340 107 3.47 2.49
6350 107 4.00 2.51
6360 107 4.52 2.53
6370 107 5.02 2.56
6380 107 5.51 2.59
6390 107 6.01 2.62
6400 107 6.50 2.65
6410 107 7.03 2.68
6420 107 7.59 2.69
6430 107 8.16 2.71
6440 107 8.73 2.72
6450 107 9.30 2.74
6460 107 9.87 2.75
6470 107 10.44 2.77
6290 108 0.22 3.08
6300 108 0.77 3.07
6310 108 1.31 3.06
6320 108 1.85 3.05
6330 108 2.41 3.09
6340 108 2.96 3.12
6350 108 3.51 3.16
6360 108 4.07 3.19
6370 108 4.62 3.23
6380 108 5.15 3.27
6390 108 5.68 3.32
6400 108 6.22 3.36
6410 108 6.75 3.41
6420 108 7.28 3.45
6430 108 7.84 3.48
6440 108 8.41 3.50
6450 108 8.98 3.52
6460 108 9.55 3.54
6470 108 10.12 3.56
6480 108 10.68 3.58
6400 109 0.45 3.41
6410 109 0.94 3.41
6420 109 1.43 3.41
6430 109 1.92 3.42
6440 109 2.43 3.43
6450 109 2.93 3.45
6460 109 3.44 3.46
6470 109 3.94 3.47
6480 109 4.45 3.49
6490 109 4.95 3.50
6500 109 5.46 3.52
6510 109 5.96 3.53
6520 109 6.47 3.54
6530 109 6.98 3.56
6540 109 7.50 3.58
6550 109 8.02 3.61
6560 109 8.54 3.63
6570 109 9.06 3.65
6580 109 9.59 3.68
6590 109 10.11 3.70
6400 110 0.40 2.56
6410 110 0.92 2.61
6420 110 1.44 2.65
6430 110 1.96 2.69
6440 110 2.48 2.72
6450 110 2.98 2.73
6460 110 3.49 2.74
6470 110 3.99 2.75
6480 110 4.50 2.76
6490 110 5.00 2.77
6500 110 5.48 2.78
6510 110 5.96 2.78
6520 110 6.44 2.79
6530 110 6.92 2.80
6540 110 7.40 2.81
6550 110 7.87 2.81
6560 110 8.42 2.81
6570 110 8.99 2.81
6580 110 9.56 2.81
6590 110 10.13 2.80
6480 111 14.94 5.27
6490 111 14.49 5.41
6500 111 14.03 5.55
6510 111 13.58 5.68
6520 111 13.18 5.70
6530 111 12.77 5.73
6540 111 12.37 5.75
6550 111 12.14 5.73
6560 111 11.93 5.71
6570 111 11.54 5.70
6580 111 11.10 5.69
6590 111 10.66 5.69
6600 111 10.23 5.73
6610 111 9.79 5.76
6620 111 9.39 5.76
6630 111 9.00 5.74
6640 111 8.62 5.72
6650 111 8.24 5.70
6660 111 7.86 5.68
6670 111 7.48 5.67
6510 112 14.88 4.44
6520 112 14.45 4.62
6530 112 14.02 4.81
6540 112 13.56 4.90
6550 112 13.04 4.88
6560 112 12.52 4.85
6570 112 12.01 4.82
6580 112 11.55 4.78
6590 112 11.08 4.74
6600 112 10.62 4.71
6610 112 10.17 4.68
6620 112 9.77 4.71
6630 112 9.37 4.75
6640 112 8.97 4.78
6650 112 8.57 4.80
6660 112 8.16 4.80
6670 112 7.75 4.80
6680 112 7.34 4.80
6690 112 6.92 4.81
6700 112 6.49 4.83
6520 113 15.01 5.19
6530 113 14.62 5.32
6540 113 14.22 5.45
6550 113 13.83 5.58
6560 113 13.39 5.57
6570 113 12.94 5.55
6580 113 12.50 5.54
6590 113 11.97 5.49
6600 113 11.43 5.45
6610 113 10.92 5.42
6620 113 10.47 5.44
6630 113 10.02 5.46
6640 113 9.57 5.48
6650 113 9.15 5.46
6660 113 8.75 5.40
6670 113 8.36 5.34
6680 113 7.97 5.30
6690 113 7.61 5.31
6700 113 7.24 5.32
6710 113 6.86 5.32
6530 114 0.32 6.23
6540 114 0.75 6.18
6550 114 1.19 6.13
6560 114 1.62 6.08
6570 114 2.08 6.05
6580 114 2.53 6.02
6590 114 2.99 5.99
6600 114 3.44 5.97
6610 114 3.90 5.97
6620 114 4.36 5.97
6630 114 4.81 5.97
6640 114 5.26 5.99
6650 114 5.69 6.08
6660 114 6.13 6.17
6670 114 6.56 6.26
6680 114 6.99 6.34
6690 114 7.44 6.27
6700 114 7.90 6.19
6710 114 8.35 6.12
6720 114 8.85 5.98
6530 115 0.21 6.95
6540 115 0.76 6.92
6550 115 1.31 6.90
6560 115 1.83 6.86
6570 115 2.33 6.82
6580 115 2.84 6.77
6590 115 3.29 6.75
6600 115 3.73 6.74
6610 115 4.16 6.73
6620 115 4.61 6.72
6630 115 5.08 6.71
6640 115 5.55 6.70
6650 115 6.01 6.69
6660 115 6.49 6.68
6670 115 6.98 6.67
6680 115 7.48 6.67
6690 115 7.97 6.66
6700 115 8.45 6.60
6710 115 8.92 6.50
6720 115 9.39 6.40
6530 116 0.27 3.68
6540 116 0.69 3.73
6550 116 1.12 3.78
6560 116 1.54 3.84
6570 116 1.96 3.89
6580 116 2.38 3.97
6590 116 2.81 4.04
6600 116 3.24 4.12
6610 116 3.70 4.16
6620 116 4.19 4.16
6630 116 4.69 4.17
6640 116 5.18 4.17
6650 116 5.69 4.14
6660 116 6.20 4.06
6670 116 6.71 3.99
6680 116 7.22 3.91
6690 116 7.68 4.02
6700 116 8.14 4.12
6710 116 8.60 4.22
6720 116 9.08 4.31
6600 117 0.53 4.68
6610 117 0.95 4.67
6620 117 1.38 4.66
6630 117 1.81 4.66
6640 117 2.23 4.65
6650 117 2.69 4.60
6660 117 3.14 4.55
6670 117 3.59 4.50
6680 117 4.04 4.44
6690 117 4.48 4.34
6700 117 4.91 4.24
6710 117 5.34 4.14
6720 117 5.80 4.11
6730 117 6.28 4.12
6740 117 6.76 4.13
6750 117 7.23 4.14
6760 117 7.71 4.15
6770 117 8.18 4.18
6780 117 8.64 4.22
6790 117 9.11 4.26
6610 118 0.56 3.84
6620 118 1.00 3.87
6630 118 1.44 3.91
6640 118 1.88 3.93
6650 118 2.34 3.89
6660 118 2.81 3.84
6670 118 3.28 3.79
6680 118 3.75 3.75
6690 118 4.17 3.66
6700 118 4.60 3.58
6710 118 5.03 3.49
6720 118 5.46 3.41
6730 118 5.94 3.40
6740 118 6.43 3.39
6750 118 6.91 3.37
6760 118 7.41 3.36
6770 118 7.92 3.34
6780 118 8.43 3.33
6790 118 8.95 3.31
6800 118 9.46 3.30
6770 119 14.99 3.72
6780 119 14.37 3.71
6790 119 13.76 3.70
6800 119 13.16 3.54
6810 119 12.58 3.27
6820 119 12.02 3.05
6830 119 11.50 2.92
6840 119 10.97 2.81
6850 119 10.37 2.77
6860 119 9.77 2.73
6870 119 9.18 2.69
6880 119 8.62 2.68
6890 119 8.06 2.66
6900 119 7.51 2.65
6910 119 6.95 2.64
6920 119 6.40 2.63
6930 119 5.85 2.62
6940 119 5.29 2.61
6950 119 4.76 2.63
6960 119 4.25 2.67
6810 120 0.71 3.95
6820 120 0.96 4.01
6830 120 1.22 4.06
6840 120 1.50 4.11
6850 120 1.93 4.11
6860 120 2.36 4.12
6870 120 2.80 4.13
6880 120 3.22 4.14
6890 120 3.64 4.15
6900 120 4.06 4.16
6910 120 4.48 4.18
6920 120 4.97 4.24
6930 120 5.46 4.31
6940 120 5.96 4.38
6950 120 6.45 4.46
6960 120 6.92 4.53
6970 120 7.39 4.61
6980 120 7.85 4.69
6990 120 8.32 4.77
7000 120 8.78 4.85
6810 121 0.16 3.22
6820 121 0.55 3.22
6830 121 0.94 3.21
6840 121 1.32 3.20
6850 121 1.76 3.20
6860 121 2.28 3.19
6870 121 2.79 3.18
6880 121 3.30 3.18
6890 121 3.80 3.21
6900 121 4.27 3.28
6910 121 4.75 3.35
6920 121 5.23 3.42
6930 121 5.72 3.48
6940 121 6.25 3.48
6950 121 6.79 3.48
6960 121 7.33 3.48
6970 121 7.86 3.48
6980 121 8.39 3.49
6990 121 8.87 3.51
7000 121 9.36 3.54
