0 1 0.29 8.09
10 1 1.03 7.85
20 1 1.77 7.61
30 1 2.52 7.36
40 1 3.28 7.10
50 1 4.04 6.83
60 1 4.85 6.62
70 1 5.68 6.42
80 1 6.50 6.23
90 1 7.32 6.05
100 1 8.14 5.87
110 1 8.97 5.69
120 1 9.82 5.58
130 1 10.68 5.46
140 1 11.53 5.34
150 1 12.33 5.19
160 1 13.14 5.04
170 1 13.95 4.89
180 1 14.78 4.78
190 1 15.61 4.67
10 2 0.28 9.99
20 2 1.06 9.86
30 2 1.85 9.73
40 2 2.61 9.57
50 2 3.36 9.39
60 2 4.11 9.20
70 2 4.82 8.86
80 2 5.53 8.51
90 2 6.24 8.15
100 2 6.96 7.76
110 2 7.68 7.38
120 2 8.42 7.01
130 2 9.18 6.67
140 2 9.95 6.35
150 2 10.75 6.13
160 2 11.55 5.91
170 2 12.33 5.84
180 2 13.12 5.83
190 2 13.90 5.83
200 2 14.67 5.88
230 4 15.29 9.10
240 4 14.61 9.16
250 4 13.94 9.23
260 4 13.24 9.34
270 4 12.53 9.49
280 4 11.82 9.65
290 4 11.14 9.85
300 4 10.48 10.08
310 4 9.83 10.31
320 4 9.21 10.52
330 4 8.58 10.73
340 4 7.95 10.91
350 4 7.29 11.05
360 4 6.64 11.18
370 4 6.00 11.32
380 4 5.39 11.44
390 4 4.77 11.57
400 4 4.14 11.69
410 4 3.50 11.81
420 4 2.85 11.92
240 5 15.04 8.57
250 5 14.35 8.58
260 5 13.66 8.59
270 5 12.95 8.77
280 5 12.24 8.95
290 5 11.52 9.13
300 5 10.80 9.31
310 5 10.08 9.48
320 5 9.39 9.65
330 5 8.72 9.82
340 5 8.04 9.98
350 5 7.38 10.14
360 5 6.72 10.29
370 5 6.06 10.44
380 5 5.41 10.61
390 5 4.76 10.78
400 5 4.10 10.95
410 5 3.45 11.11
420 5 2.81 11.27
430 5 2.16 11.42
500 6 15.00 9.01
510 6 14.58 8.98
520 6 14.15 8.95
530 6 13.71 8.92
540 6 13.26 8.91
550 6 12.82 8.90
560 6 12.33 9.00
570 6 11.84 9.11
580 6 11.36 9.20
590 6 10.89 9.24
600 6 10.43 9.28
610 6 9.97 9.33
620 6 9.51 9.39
630 6 9.06 9.44
640 6 8.61 9.51
650 6 8.16 9.63
660 6 7.71 9.74
670 6 7.25 9.85
680 6 6.80 9.95
690 6 6.34 10.04
610 7 11.28 8.10
620 7 10.82 8.26
630 7 10.39 8.45
640 7 10.01 8.68
650 7 9.64 8.91
660 7 9.25 9.15
670 7 8.86 9.41
680 7 8.48 9.67
690 7 8.07 9.93
700 7 7.62 10.20
710 7 7.16 10.47
720 7 6.65 10.67
730 7 6.13 10.84
740 7 5.61 10.99
750 7 5.09 11.10
760 7 4.58 11.21
770 7 4.09 11.13
780 7 3.60 11.04
790 7 3.13 10.96
800 7 2.65 10.88
610 8 0.18 11.74
620 8 0.78 11.62
630 8 1.38 11.49
640 8 1.97 11.41
650 8 2.56 11.34
660 8 3.14 11.28
670 8 3.74 11.23
680 8 4.34 11.20
690 8 4.93 11.16
700 8 5.50 11.12
710 8 6.04 11.08
720 8 6.55 11.00
730 8 7.03 10.90
740 8 7.45 10.88
750 8 7.89 10.83
760 8 8.39 10.71
770 8 8.89 10.59
780 8 9.39 10.37
790 8 9.88 10.14
800 8 10.38 9.89
680 9 15.11 9.13
690 9 14.45 9.26
700 9 13.78 9.39
710 9 13.13 9.53
720 9 12.48 9.68
730 9 11.83 9.83
740 9 11.16 9.89
750 9 10.49 9.94
760 9 9.82 9.99
770 9 9.14 10.08
780 9 8.46 10.17
790 9 7.83 10.30
800 9 7.20 10.43
810 9 6.56 10.59
820 9 5.89 10.79
830 9 5.23 10.99
840 9 4.57 11.19
850 9 3.93 11.39
860 9 3.29 11.59
870 9 2.65 11.79
680 10 15.16 8.39
690 10 14.47 8.51
700 10 13.78 8.63
710 10 13.10 8.75
720 10 12.44 8.85
730 10 11.78 8.94
740 10 11.12 9.04
750 10 10.43 9.12
760 10 9.75 9.20
770 10 9.07 9.28
780 10 8.42 9.41
790 10 7.76 9.53
800 10 7.11 9.66
810 10 6.44 9.84
820 10 5.77 10.02
830 10 5.10 10.20
840 10 4.42 10.40
850 10 3.73 10.61
860 10 3.05 10.81
870 10 2.41 10.94
750 11 0.09 7.70
760 11 0.64 7.44
770 11 1.18 7.18
780 11 1.73 6.91
790 11 2.30 6.62
800 11 2.86 6.33
810 11 3.43 6.04
820 11 4.02 5.81
830 11 4.62 5.57
840 11 5.22 5.34
850 11 5.85 5.14
860 11 6.52 4.97
870 11 7.19 4.81
880 11 7.85 4.65
890 11 8.52 4.58
900 11 9.19 4.50
910 11 9.86 4.43
920 11 10.53 4.36
930 11 11.19 4.34
940 11 11.86 4.31
680 12 10.43 6.34
690 12 10.26 6.00
700 12 10.10 5.66
710 12 9.93 5.32
720 12 9.74 4.92
730 12 9.52 4.45
740 12 9.31 3.98
750 12 9.12 3.56
760 12 8.97 3.17
770 12 8.82 2.79
780 12 8.67 2.41
790 12 8.52 2.10
800 12 8.37 1.80
810 12 8.22 1.49
820 12 8.03 1.29
830 12 7.79 1.20
840 12 7.55 1.11
850 12 7.34 1.13
860 12 7.15 1.23
870 12 6.97 1.33
890 13 15.11 8.76
900 13 14.49 8.78
910 13 13.88 8.79
920 13 13.25 8.83
930 13 12.60 8.96
940 13 11.95 9.10
950 13 11.30 9.25
960 13 10.65 9.44
970 13 10.01 9.63
980 13 9.36 9.82
990 13 8.71 9.98
1000 13 8.06 10.14
1010 13 7.41 10.30
1020 13 6.76 10.39
1030 13 6.10 10.45
1040 13 5.44 10.53
1050 13 4.78 10.70
1060 13 4.12 10.87
1070 13 3.46 11.01
1080 13 2.82 11.11
1130 18 15.43 8.39
1140 18 14.64 8.47
1150 18 13.85 8.55
1160 18 13.06 8.63
1170 18 12.27 8.80
1180 18 11.47 8.98
1190 18 10.68 9.13
1200 18 9.90 9.23
1210 18 9.11 9.32
1220 18 8.33 9.42
1230 18 7.55 9.55
1240 18 6.76 9.67
1250 18 5.98 9.82
1260 18 5.20 9.96
1270 18 4.43 10.10
1280 18 3.65 10.19
1290 18 2.87 10.28
1300 18 2.10 10.37
1310 18 1.32 10.51
1320 18 0.54 10.64
1160 19 12.24 7.49
1170 19 11.89 7.52
1180 19 11.54 7.55
1190 19 11.19 7.58
1200 19 10.76 7.63
1210 19 10.29 7.71
1220 19 9.81 7.78
1230 19 9.17 7.96
1240 19 8.53 8.14
1250 19 7.99 8.44
1260 19 7.56 8.86
1270 19 7.02 9.17
1280 19 6.41 9.42
1290 19 5.77 9.68
1300 19 5.12 9.93
1310 19 4.47 10.20
1320 19 3.87 10.50
1330 19 3.27 10.80
1340 19 2.68 11.01
1350 19 2.09 11.13
1200 20 11.99 8.16
1210 20 11.43 8.28
1220 20 10.88 8.39
1230 20 10.36 8.49
1240 20 9.85 8.59
1250 20 9.34 8.69
1260 20 8.77 8.73
1270 20 8.19 8.78
1280 20 7.68 8.82
1290 20 7.18 8.87
1300 20 6.67 8.97
1310 20 6.15 9.10
1320 20 5.63 9.22
1330 20 5.05 9.41
1340 20 4.47 9.60
1350 20 3.91 9.75
1360 20 3.39 9.83
1370 20 2.86 9.92
1380 20 2.33 10.02
1390 20 1.79 10.14
1140 21 1.14 7.65
1150 21 1.55 7.81
1160 21 1.97 7.96
1170 21 2.38 8.11
1180 21 2.81 8.27
1190 21 3.30 8.43
1200 21 3.80 8.60
1210 21 4.28 8.75
1220 21 4.75 8.85
1230 21 5.21 8.94
1240 21 5.68 9.04
1250 21 6.23 9.18
1260 21 6.74 9.31
1270 21 7.11 9.39
1280 21 7.50 9.49
1290 21 7.96 9.60
1300 21 8.42 9.71
1310 21 8.80 9.71
1320 21 9.18 9.71
1330 21 9.56 9.71
1310 22 14.78 5.88
1320 22 14.32 5.85
1330 22 13.86 5.82
1340 22 13.40 5.79
1350 22 12.96 5.79
1360 22 12.54 5.82
1370 22 12.12 5.85
1380 22 11.70 5.87
1390 22 11.28 5.89
1400 22 10.83 5.84
1410 22 10.39 5.79
1420 22 9.95 5.74
1430 22 9.52 5.67
1440 22 9.12 5.56
1450 22 8.73 5.45
1460 22 8.33 5.34
1470 22 7.94 5.30
1480 22 7.55 5.28
1490 22 7.16 5.26
1500 22 6.77 5.23
1310 23 14.94 5.16
1320 23 14.50 5.16
1330 23 14.06 5.16
1340 23 13.62 5.16
1350 23 13.18 5.17
1360 23 12.73 5.18
1370 23 12.29 5.19
1380 23 11.85 5.19
1390 23 11.43 5.16
1400 23 11.01 5.12
1410 23 10.59 5.09
1420 23 10.18 5.03
1430 23 9.78 4.97
1440 23 9.38 4.90
1450 23 8.98 4.83
1460 23 8.58 4.77
1470 23 8.17 4.70
1480 23 7.77 4.63
1490 23 7.36 4.57
1500 23 6.91 4.53
1310 24 14.94 4.41
1320 24 14.48 4.40
1330 24 14.02 4.39
1340 24 13.56 4.37
1350 24 13.13 4.35
1360 24 12.69 4.32
1370 24 12.26 4.29
1380 24 11.83 4.26
1390 24 11.46 4.12
1400 24 11.13 3.91
1410 24 10.79 3.69
1420 24 10.42 3.52
1430 24 10.04 3.38
1440 24 9.66 3.23
1450 24 9.23 3.14
1460 24 8.72 3.17
1470 24 8.20 3.19
1480 24 7.69 3.22
1490 24 7.17 3.27
1500 24 6.66 3.35
1230 25 3.85 4.59
1240 25 4.04 4.67
1250 25 4.23 4.75
1260 25 4.42 4.82
1270 25 4.61 4.90
1280 25 4.80 4.98
1290 25 4.99 5.06
1300 25 5.23 5.10
1310 25 5.46 5.14
1320 25 5.70 5.18
1330 25 5.94 5.22
1340 25 6.18 5.29
1350 25 6.41 5.43
1360 25 6.65 5.56
1370 25 6.89 5.70
1380 25 7.13 5.83
1390 25 7.36 5.94
1400 25 7.59 6.05
1410 25 7.82 6.15
1420 25 8.02 6.25
1370 26 6.37 0.49
1380 26 6.39 1.14
1390 26 6.41 1.79
1400 26 6.43 2.38
1410 26 6.44 2.95
1420 26 6.45 3.53
1430 26 6.46 4.08
1440 26 6.46 4.58
1450 26 6.46 5.08
1460 26 6.46 5.57
1470 26 6.48 6.06
1480 26 6.54 6.55
1490 26 6.59 7.03
1500 26 6.65 7.51
1510 26 6.74 7.97
1520 26 6.92 8.37
1530 26 7.09 8.77
1540 26 7.26 9.16
1550 26 7.41 9.50
1560 26 7.55 9.84
1560 27 9.77 9.22
1570 27 9.77 9.17
1580 27 9.77 9.12
1590 27 9.77 9.07
1600 27 9.78 9.02
1610 27 9.78 8.98
1620 27 9.78 8.93
1630 27 9.78 8.88
1640 27 9.79 8.83
1650 27 9.67 8.61
1660 27 9.45 8.20
1670 27 9.19 7.66
1680 27 8.97 7.07
1690 27 8.82 6.45
1700 27 8.69 5.86
1710 27 8.61 5.33
1720 27 8.53 4.80
1730 27 8.47 4.39
1740 27 8.42 4.00
1750 27 8.41 3.70
1560 28 0.84 7.51
1570 28 1.05 7.35
1580 28 1.25 7.19
1590 28 1.46 7.04
1600 28 1.66 6.88
1610 28 1.97 6.76
1620 28 2.30 6.65
1630 28 2.62 6.53
1640 28 2.97 6.48
1650 28 3.34 6.50
1660 28 3.70 6.52
1670 28 4.07 6.54
1680 28 4.51 6.58
1690 28 4.96 6.63
1700 28 5.41 6.68
1710 28 5.84 6.69
1720 28 6.23 6.66
1730 28 6.61 6.63
1740 28 6.98 6.58
1750 28 7.28 6.40
1780 30 12.81 9.16
1790 30 12.24 9.39
1800 30 11.66 9.62
1810 30 11.09 9.86
1820 30 10.53 10.12
1830 30 9.96 10.37
1840 30 9.40 10.62
1850 30 8.82 10.87
1860 30 8.25 11.12
1870 30 7.68 11.33
1880 30 7.12 11.44
1890 30 6.56 11.55
1900 30 6.01 11.59
1910 30 5.47 11.57
1920 30 4.93 11.54
1930 30 4.40 11.51
1940 30 3.90 11.44
1950 30 3.40 11.37
1960 30 2.90 11.30
1970 30 2.39 11.39
1780 31 1.78 11.06
1790 31 2.40 10.86
1800 31 3.02 10.65
1810 31 3.59 10.45
1820 31 4.14 10.25
1830 31 4.69 10.04
1840 31 5.32 9.90
1850 31 5.97 9.77
1860 31 6.61 9.66
1870 31 7.24 9.54
1880 31 7.86 9.37
1890 31 8.47 9.14
1900 31 9.08 8.92
1910 31 9.74 8.69
1920 31 10.43 8.46
1930 31 11.13 8.28
1940 31 11.84 8.25
1950 31 12.55 8.22
1960 31 13.24 8.20
1970 31 13.93 8.19
2040 33 0.15 10.35
2050 33 0.76 10.29
2060 33 1.38 10.24
2070 33 2.00 10.15
2080 33 2.61 9.97
2090 33 3.23 9.79
2100 33 3.83 9.62
2110 33 4.37 9.46
2120 33 4.91 9.31
2130 33 5.44 9.13
2140 33 5.95 8.91
2150 33 6.47 8.69
2160 33 6.98 8.48
2170 33 7.49 8.36
2180 33 8.01 8.23
2190 33 8.52 8.11
2200 33 9.02 8.00
2210 33 9.47 7.92
2220 33 9.92 7.85
2230 33 10.39 7.76
2110 35 0.18 8.36
2120 35 0.64 8.32
2130 35 1.09 8.28
2140 35 1.56 8.23
2150 35 2.04 8.15
2160 35 2.52 8.08
2170 35 2.99 8.02
2180 35 3.44 8.05
2190 35 3.88 8.08
2200 35 4.33 8.11
2210 35 4.80 8.16
2220 35 5.26 8.21
2230 35 5.73 8.25
2240 35 6.20 8.18
2250 35 6.67 8.11
2260 35 7.14 8.03
2270 35 7.65 7.96
2280 35 8.15 7.88
2290 35 8.65 7.80
2300 35 9.14 7.62
2150 36 14.86 6.12
2160 36 14.23 6.20
2170 36 13.60 6.28
2180 36 12.97 6.34
2190 36 12.37 6.39
2200 36 11.76 6.44
2210 36 11.10 6.49
2220 36 10.44 6.53
2230 36 9.76 6.59
2240 36 9.06 6.66
2250 36 8.36 6.73
2260 36 7.72 6.86
2270 36 7.09 6.99
2280 36 6.45 7.12
2290 36 5.79 7.26
2300 36 5.14 7.40
2310 36 4.50 7.51
2320 36 3.87 7.62
2330 36 3.22 7.73
2340 36 2.55 7.83
2200 37 6.00 12.44
2210 37 6.02 12.11
2220 37 6.05 11.78
2230 37 6.07 11.44
2240 37 6.11 11.09
2250 37 6.14 10.74
2260 37 6.18 10.38
2270 37 6.20 10.01
2280 37 6.22 9.65
2290 37 6.23 9.28
2300 37 6.24 8.91
2310 37 6.25 8.55
2320 37 6.21 8.21
2330 37 6.15 7.90
2340 37 6.09 7.59
2350 37 5.98 7.26
2360 37 5.84 6.90
2370 37 5.71 6.54
2380 37 5.71 6.26
2390 37 5.73 5.99
2440 40 14.89 6.56
2450 40 14.18 6.80
2460 40 13.48 7.04
2470 40 12.74 7.24
2480 40 11.99 7.44
2490 40 11.28 7.61
2500 40 10.59 7.78
2510 40 9.89 7.93
2520 40 9.19 8.05
2530 40 8.50 8.16
2540 40 7.76 8.21
2550 40 7.01 8.24
2560 40 6.31 8.30
2570 40 5.65 8.39
2580 40 5.00 8.49
2590 40 4.31 8.55
2600 40 3.55 8.56
2610 40 2.79 8.56
2620 40 2.06 8.66
2630 40 1.34 8.81
2440 41 15.28 9.02
2450 41 14.51 9.02
2460 41 13.73 9.02
2470 41 12.96 9.02
2480 41 12.15 9.20
2490 41 11.34 9.39
2500 41 10.54 9.60
2510 41 9.76 9.86
2520 41 8.97 10.12
2530 41 8.23 10.38
2540 41 7.48 10.65
2550 41 6.76 10.93
2560 41 6.07 11.26
2570 41 5.37 11.59
2580 41 4.72 11.89
2590 41 4.07 12.19
2600 41 3.44 12.50
2610 41 2.84 12.84
2620 41 2.23 13.18
2630 41 1.63 13.52
2730 43 15.23 9.05
2740 43 14.51 9.04
2750 43 13.79 9.03
2760 43 13.08 9.05
2770 43 12.41 9.19
2780 43 11.74 9.34
2790 43 11.07 9.60
2800 43 10.42 9.92
2810 43 9.75 10.21
2820 43 9.08 10.43
2830 43 8.40 10.65
2840 43 7.75 10.90
2850 43 7.11 11.17
2860 43 6.48 11.45
2870 43 5.87 11.69
2880 43 5.26 11.92
2890 43 4.65 12.14
2900 43 4.00 12.31
2910 43 3.34 12.48
2920 43 2.70 12.65
2730 44 10.05 6.89
2740 44 10.00 7.16
2750 44 9.95 7.42
2760 44 9.90 7.68
2770 44 9.84 8.00
2780 44 9.78 8.33
2790 44 9.71 8.59
2800 44 9.63 8.77
2810 44 9.55 8.95
2820 44 9.36 9.09
2830 44 9.06 9.17
2840 44 8.78 9.23
2850 44 8.60 9.20
2860 44 8.41 9.17
2870 44 8.23 9.14
2880 44 8.07 9.02
2890 44 7.90 8.90
2900 44 7.74 8.77
2910 44 7.67 8.65
2920 44 7.70 8.53
2950 46 15.11 7.66
2960 46 14.47 7.71
2970 46 13.82 7.77
2980 46 13.17 7.84
2990 46 12.50 7.98
3000 46 11.84 8.11
3010 46 11.21 8.25
3020 46 10.61 8.39
3030 46 9.99 8.54
3040 46 9.35 8.69
3050 46 8.71 8.85
3060 46 8.07 9.02
3070 46 7.43 9.19
3080 46 6.77 9.37
3090 46 6.10 9.54
3100 46 5.43 9.72
3110 46 4.79 9.85
3120 46 4.14 9.98
3130 46 3.49 10.11
3140 46 2.82 10.21
2960 47 14.69 8.31
2970 47 14.10 8.36
2980 47 13.51 8.41
2990 47 12.91 8.53
3000 47 12.31 8.65
3010 47 11.70 8.83
3020 47 11.08 9.02
3030 47 10.43 9.21
3040 47 9.76 9.40
3050 47 9.09 9.59
3060 47 8.48 9.79
3070 47 7.86 9.99
3080 47 7.23 10.20
3090 47 6.60 10.41
3100 47 5.95 10.61
3110 47 5.31 10.71
3120 47 4.66 10.81
3130 47 4.00 10.88
3140 47 3.33 10.94
3150 47 2.68 11.00
2960 48 14.71 9.01
2970 48 14.11 8.98
2980 48 13.51 8.95
2990 48 12.99 9.06
3000 48 12.47 9.18
3010 48 11.92 9.34
3020 48 11.32 9.60
3030 48 10.71 9.85
3040 48 10.11 10.06
3050 48 9.52 10.26
3060 48 8.92 10.43
3070 48 8.31 10.59
3080 48 7.70 10.74
3090 48 7.02 10.89
3100 48 6.33 11.03
3110 48 5.65 11.18
3120 48 4.99 11.35
3130 48 4.34 11.51
3140 48 3.70 11.65
3150 48 3.07 11.75
3010 49 8.89 8.48
3020 49 9.20 8.33
3030 49 9.51 8.19
3040 49 9.86 8.12
3050 49 10.26 8.13
3060 49 10.66 8.14
3070 49 11.04 8.13
3080 49 11.41 8.12
3090 49 11.85 8.14
3100 49 12.36 8.19
3110 49 12.83 8.26
3120 49 13.08 8.41
3130 49 13.33 8.49
3140 49 13.55 8.37
3150 49 13.78 8.26
3160 49 13.63 8.19
3170 49 13.38 8.13
3180 49 13.13 8.07
3190 49 12.88 8.01
3200 49 12.63 7.95
3040 50 0.11 10.19
3050 50 0.47 9.97
3060 50 0.83 9.76
3070 50 1.18 9.54
3080 50 1.55 9.36
3090 50 1.91 9.18
3100 50 2.27 9.00
3110 50 2.59 8.89
3120 50 2.91 8.78
3130 50 3.22 8.68
3140 50 3.42 8.62
3150 50 3.61 8.56
3160 50 3.81 8.50
3170 50 3.86 8.49
3180 50 3.91 8.48
3190 50 3.96 8.47
3200 50 4.01 8.46
3210 50 4.06 8.45
3220 50 4.11 8.45
3230 50 4.16 8.44
3100 52 0.12 12.92
3110 52 0.44 12.85
3120 52 0.77 12.79
3130 52 1.08 12.75
3140 52 1.38 12.72
3150 52 1.69 12.69
3160 52 1.94 12.64
3170 52 2.16 12.59
3180 52 2.37 12.53
3190 52 2.59 12.48
3200 52 2.74 12.37
3210 52 2.89 12.27
3220 52 3.04 12.16
3230 52 3.17 12.00
3240 52 3.30 11.84
3250 52 3.43 11.67
3260 52 3.54 11.49
3270 52 3.64 11.31
3280 52 3.73 11.13
3290 52 3.84 10.94
3200 53 14.70 9.06
3210 53 14.05 9.05
3220 53 13.34 9.16
3230 53 12.62 9.32
3240 53 11.95 9.51
3250 53 11.32 9.73
3260 53 10.69 9.95
3270 53 10.05 10.17
3280 53 9.41 10.39
3290 53 8.75 10.62
3300 53 8.08 10.86
3310 53 7.42 11.08
3320 53 6.76 11.28
3330 53 6.10 11.47
3340 53 5.43 11.62
3350 53 4.76 11.76
3360 53 4.10 11.91
3370 53 3.46 12.09
3380 53 2.82 12.26
3390 53 2.20 12.43
3460 54 -0.16 11.06
3470 54 0.73 10.96
3480 54 1.62 10.86
3490 54 2.50 10.78
3500 54 3.37 10.72
3510 54 4.24 10.67
3520 54 5.08 10.62
3530 54 5.89 10.57
3540 54 6.71 10.53
3550 54 7.51 10.45
3560 54 8.30 10.32
3570 54 9.09 10.18
3580 54 9.88 10.04
3590 54 10.67 9.88
3600 54 11.45 9.73
3610 54 12.23 9.68
3620 54 13.01 9.63
3630 54 13.81 9.54
3640 54 14.61 9.42
3650 54 15.42 9.29
3520 55 0.13 11.04
3530 55 0.82 10.94
3540 55 1.50 10.84
3550 55 2.18 10.74
3560 55 2.86 10.67
3570 55 3.53 10.60
3580 55 4.21 10.52
3590 55 4.89 10.44
3600 55 5.57 10.36
3610 55 6.25 10.27
3620 55 6.88 10.20
3630 55 7.51 10.14
3640 55 8.12 10.09
3650 55 8.71 10.07
3660 55 9.29 10.05
3670 55 9.84 10.01
3680 55 10.39 9.96
3690 55 10.95 9.88
3700 55 11.52 9.71
3710 55 12.09 9.55
3970 60 14.76 8.08
3980 60 14.00 8.29
3990 60 13.24 8.50
4000 60 12.55 8.81
4010 60 11.91 9.15
4020 60 11.26 9.50
4030 60 10.58 9.95
4040 60 9.91 10.41
4050 60 9.23 10.77
4060 60 8.54 11.07
4070 60 7.85 11.36
4080 60 7.12 11.51
4090 60 6.39 11.65
4100 60 5.66 11.79
4110 60 4.89 11.92
4120 60 4.12 12.05
4130 60 3.37 12.19
4140 60 2.63 12.36
4150 60 1.89 12.53
4160 60 1.20 12.73
3990 62 3.38 7.16
4000 62 3.69 7.44
4010 62 4.00 7.72
4020 62 4.31 8.00
4030 62 4.74 8.28
4040 62 5.29 8.56
4050 62 5.83 8.83
4060 62 6.35 9.07
4070 62 6.87 9.31
4080 62 7.39 9.54
4090 62 7.89 9.77
4100 62 8.39 10.00
4110 62 8.80 10.36
4120 62 9.20 10.73
4130 62 9.57 10.97
4140 62 9.92 11.11
4150 62 10.27 11.15
4160 62 10.65 11.04
4170 62 11.03 10.93
4180 62 11.18 10.60
4220 64 2.29 11.34
4230 64 2.93 11.14
4240 64 3.56 10.94
4250 64 4.18 10.71
4260 64 4.80 10.45
4270 64 5.42 10.20
4280 64 6.03 9.91
4290 64 6.64 9.56
4300 64 7.25 9.21
4310 64 7.89 8.92
4320 64 8.54 8.67
4330 64 9.20 8.42
4340 64 9.81 8.42
4350 64 10.42 8.42
4360 64 11.03 8.42
4370 64 11.69 8.50
4380 64 12.37 8.59
4390 64 13.05 8.60
4400 64 13.75 8.50
4410 64 14.44 8.40
4220 65 6.88 9.06
4230 65 6.74 9.59
4240 65 6.61 10.12
4250 65 6.42 10.68
4260 65 6.23 11.25
4270 65 6.04 11.69
4280 65 5.87 12.09
4290 65 5.68 12.48
4300 65 5.44 12.67
4310 65 5.20 12.87
4320 65 5.10 12.69
4330 65 5.01 12.47
4340 65 4.94 12.21
4350 65 4.91 11.86
4360 65 4.87 11.51
4370 65 4.79 11.14
4380 65 4.71 10.77
4390 65 4.61 10.54
4400 65 4.50 10.35
4410 65 4.39 10.16
4270 66 11.24 7.97
4280 66 10.84 8.11
4290 66 10.44 8.26
4300 66 10.04 8.40
4310 66 9.48 8.75
4320 66 8.92 9.10
4330 66 8.33 9.33
4340 66 7.69 9.37
4350 66 7.05 9.42
4360 66 6.45 9.34
4370 66 5.85 9.25
4380 66 5.27 9.16
4390 66 4.75 9.05
4400 66 4.22 8.93
4410 66 3.76 8.79
4420 66 3.32 8.64
4430 66 2.88 8.49
4440 66 2.39 8.45
4450 66 1.90 8.42
4460 66 1.53 8.48
4280 67 15.22 7.17
4290 67 14.45 7.11
4300 67 13.68 7.04
4310 67 12.89 6.99
4320 67 12.07 6.99
4330 67 11.25 6.99
4340 67 10.47 7.06
4350 67 9.70 7.16
4360 67 8.96 7.29
4370 67 8.30 7.50
4380 67 7.65 7.70
4390 67 7.00 7.93
4400 67 6.36 8.19
4410 67 5.72 8.45
4420 67 4.98 8.69
4430 67 4.24 8.93
4440 67 3.51 9.15
4450 67 2.79 9.36
4460 67 2.07 9.57
4470 67 1.41 9.89
4310 68 10.31 9.62
4320 68 9.89 9.48
4330 68 9.41 9.27
4340 68 8.83 8.94
4350 68 8.26 8.70
4360 68 7.70 8.48
4370 68 7.15 8.27
4380 68 6.61 8.07
4390 68 6.08 7.87
4400 68 5.58 7.68
4410 68 5.08 7.49
4420 68 4.49 7.41
4430 68 3.89 7.35
4440 68 3.32 7.29
4450 68 2.75 7.23
4460 68 2.16 7.12
4470 68 1.56 6.97
4480 68 0.99 6.69
4490 68 0.43 6.29
4500 68 -0.12 5.88
4510 69 9.43 13.05
4520 69 9.37 12.79
4530 69 9.32 12.53
4540 69 9.27 12.28
4550 69 9.24 11.99
4560 69 9.24 11.67
4570 69 9.24 11.35
4580 69 9.25 11.04
4590 69 9.27 10.73
4600 69 9.30 10.43
4610 69 9.32 10.12
4620 69 9.32 9.81
4630 69 9.30 9.48
4640 69 9.24 9.10
4650 69 9.17 8.71
4660 69 9.12 8.33
4670 69 9.10 7.95
4680 69 9.08 7.57
4690 69 9.08 7.19
4700 69 9.10 6.81
4510 70 10.20 13.38
4520 70 10.23 13.07
4530 70 10.26 12.76
4540 70 10.27 12.46
4550 70 10.26 12.18
4560 70 10.26 11.90
4570 70 10.25 11.62
4580 70 10.27 11.30
4590 70 10.31 10.97
4600 70 10.35 10.64
4610 70 10.39 10.30
4620 70 10.46 9.93
4630 70 10.52 9.57
4640 70 10.52 9.25
4650 70 10.47 8.97
4660 70 10.43 8.68
4670 70 10.46 8.34
4680 70 10.51 7.97
4690 70 10.57 7.60
4700 70 10.66 7.19
4600 73 0.17 9.85
4610 73 0.82 9.82
4620 73 1.47 9.78
4630 73 2.10 9.73
4640 73 2.72 9.65
4650 73 3.34 9.56
4660 73 3.96 9.44
4670 73 4.58 9.32
4680 73 5.20 9.19
4690 73 5.81 9.07
4700 73 6.41 8.95
4710 73 7.01 8.84
4720 73 7.64 8.72
4730 73 8.34 8.60
4740 73 9.04 8.47
4750 73 9.68 8.38
4760 73 10.31 8.28
4770 73 10.97 8.21
4780 73 11.64 8.13
4790 73 12.31 8.06
4610 74 0.45 10.20
4620 74 1.18 10.12
4630 74 1.91 10.05
4640 74 2.59 10.00
4650 74 3.26 9.97
4660 74 3.92 9.92
4670 74 4.56 9.84
4680 74 5.21 9.76
4690 74 5.90 9.69
4700 74 6.58 9.61
4710 74 7.25 9.50
4720 74 7.91 9.34
4730 74 8.56 9.19
4740 74 9.22 9.05
4750 74 9.88 8.91
4760 74 10.55 8.78
4770 74 11.20 8.71
4780 74 11.85 8.64
4790 74 12.50 8.58
4800 74 13.10 8.55
4640 75 -0.10 11.48
4650 75 0.47 11.30
4660 75 1.03 11.11
4670 75 1.60 10.93
4680 75 2.18 11.01
4690 75 2.76 11.05
4700 75 3.46 10.86
4710 75 4.11 10.86
4720 75 4.77 10.85
4730 75 5.50 10.83
4740 75 6.21 10.80
4750 75 6.86 10.68
4760 75 7.51 10.56
4770 75 8.08 10.28
4780 75 8.61 9.93
4790 75 9.06 9.50
4800 75 9.31 8.83
4810 75 9.51 8.15
4820 75 9.70 7.53
4830 75 9.72 6.87
4680 76 0.33 7.06
4690 76 0.90 7.37
4700 76 1.47 7.69
4710 76 1.93 8.11
4720 76 2.34 8.59
4730 76 2.67 9.06
4740 76 2.94 9.53
4750 76 3.24 9.97
4760 76 3.66 10.28
4770 76 4.08 10.59
4780 76 4.53 10.75
4790 76 4.97 10.88
4800 76 5.39 10.91
4810 76 5.78 10.81
4820 76 6.00 10.66
4830 76 6.05 10.45
4840 76 6.10 10.25
4850 76 6.02 9.97
4860 76 5.86 9.63
4870 76 5.69 9.30
4690 77 -0.01 9.26
4700 77 0.58 9.02
4710 77 1.14 8.70
4720 77 1.66 8.29
4730 77 2.18 7.89
4740 77 2.79 7.54
4750 77 3.41 7.21
4760 77 4.07 6.98
4770 77 4.76 6.77
4780 77 5.54 6.58
4790 77 6.31 6.38
4800 77 7.07 6.15
4810 77 7.84 5.96
4820 77 8.63 5.86
4830 77 9.45 5.72
4840 77 10.29 5.56
4850 77 11.05 5.45
4860 77 11.82 5.35
4870 77 12.61 5.27
4880 77 13.40 5.19
4910 79 0.08 8.33
4920 79 0.54 8.33
4930 79 1.00 8.32
4940 79 1.53 8.28
4950 79 2.06 8.24
4960 79 2.58 8.18
4970 79 3.09 8.10
4980 79 3.60 8.02
4990 79 4.16 7.87
5000 79 4.71 7.73
5010 79 5.27 7.59
5020 79 5.84 7.48
5030 79 6.41 7.37
5040 79 6.97 7.25
5050 79 7.53 7.10
5060 79 8.10 6.95
5070 79 8.65 6.84
5080 79 9.20 6.78
5090 79 9.75 6.72
5100 79 10.30 6.66
4910 80 -0.04 8.82
4920 80 0.47 8.87
4930 80 0.98 8.91
4940 80 1.50 8.95
4950 80 2.01 8.97
4960 80 2.52 8.97
4970 80 3.03 8.85
4980 80 3.54 8.73
4990 80 4.02 8.60
5000 80 4.46 8.44
5010 80 4.96 8.27
5020 80 5.52 8.12
5030 80 6.16 8.03
5040 80 6.72 7.99
5050 80 7.22 7.98
5060 80 7.73 7.95
5070 80 8.30 7.83
5080 80 8.86 7.71
5090 80 9.41 7.62
5100 80 9.96 7.57
4960 82 14.94 9.93
4970 82 14.31 10.06
4980 82 13.68 10.19
4990 82 13.05 10.32
5000 82 12.45 10.44
5010 82 11.86 10.55
5020 82 11.28 10.66
5030 82 10.66 10.76
5040 82 10.03 10.87
5050 82 9.41 10.99
5060 82 8.76 11.15
5070 82 8.12 11.31
5080 82 7.45 11.45
5090 82 6.77 11.58
5100 82 6.10 11.71
5110 82 5.45 11.83
5120 82 4.80 11.94
5130 82 4.14 12.03
5140 82 3.47 12.09
5150 82 2.81 12.16
4960 83 15.15 8.93
4970 83 14.52 9.02
4980 83 13.89 9.10
4990 83 13.26 9.19
5000 83 12.60 9.30
5010 83 11.94 9.41
5020 83 11.28 9.54
5030 83 10.66 9.76
5040 83 10.03 9.97
5050 83 9.40 10.17
5060 83 8.75 10.35
5070 83 8.09 10.53
5080 83 7.46 10.65
5090 83 6.85 10.74
5100 83 6.24 10.82
5110 83 5.60 10.95
5120 83 4.95 11.11
5130 83 4.29 11.26
5140 83 3.65 11.38
5150 83 3.00 11.49
5010 84 0.18 11.60
5020 84 0.93 11.39
5030 84 1.67 11.18
5040 84 2.40 10.95
5050 84 3.13 10.70
5060 84 3.86 10.45
5070 84 4.61 10.20
5080 84 5.36 9.94
5090 84 6.10 9.69
5100 84 6.90 9.61
5110 84 7.70 9.54
5120 84 8.50 9.46
5130 84 9.28 9.39
5140 84 10.07 9.32
5150 84 10.86 9.26
5160 84 11.66 9.19
5170 84 12.44 9.14
5180 84 13.20 9.13
5190 84 13.96 9.13
5200 84 14.72 9.12
5230 87 5.10 11.22
5240 87 5.61 11.16
5250 87 6.13 11.09
5260 87 6.64 11.03
5270 87 7.15 10.93
5280 87 7.66 10.83
5290 87 8.16 10.72
5300 87 8.68 10.64
5310 87 9.21 10.56
5320 87 9.74 10.48
5330 87 10.26 10.39
5340 87 10.78 10.30
5350 87 11.30 10.17
5360 87 11.82 10.01
5370 87 12.33 9.86
5380 87 12.86 9.66
5390 87 13.39 9.47
5400 87 13.90 9.29
5410 87 14.39 9.13
5420 87 14.88 8.97
5240 88 14.84 8.29
5250 88 14.35 8.36
5260 88 13.85 8.43
5270 88 13.35 8.55
5280 88 12.84 8.69
5290 88 12.35 8.77
5300 88 11.89 8.80
5310 88 11.42 8.84
5320 88 10.92 8.98
5330 88 10.43 9.11
5340 88 9.95 9.26
5350 88 9.47 9.42
5360 88 9.00 9.59
5370 88 8.54 9.77
5380 88 8.07 9.95
5390 88 7.58 9.97
5400 88 7.07 9.93
5410 88 6.58 9.92
5420 88 6.10 9.95
5430 88 5.61 9.98
5240 89 14.81 8.88
5250 89 14.38 8.92
5260 89 13.94 8.96
5270 89 13.49 9.03
5280 89 12.96 9.17
5290 89 12.43 9.32
5300 89 11.90 9.46
5310 89 11.44 9.63
5320 89 10.99 9.79
5330 89 10.53 9.95
5340 89 10.06 10.04
5350 89 9.58 10.13
5360 89 9.11 10.24
5370 89 8.65 10.36
5380 89 8.19 10.48
5390 89 7.70 10.60
5400 89 7.22 10.73
5410 89 6.73 10.86
5420 89 6.24 10.89
5430 89 5.74 10.91
5270 90 15.24 7.44
5280 90 14.48 7.58
5290 90 13.73 7.71
5300 90 12.98 7.85
5310 90 12.27 8.00
5320 90 11.55 8.16
5330 90 10.86 8.33
5340 90 10.18 8.52
5350 90 9.50 8.68
5360 90 8.81 8.76
5370 90 8.11 8.84
5380 90 7.37 8.95
5390 90 6.64 9.05
5400 90 5.92 9.16
5410 90 5.22 9.32
5420 90 4.53 9.48
5430 90 3.84 9.65
5440 90 3.16 9.82
5450 90 2.47 9.98
5460 90 1.81 10.17
5300 91 2.65 8.88
5310 91 3.19 9.01
5320 91 3.73 9.14
5330 91 4.27 9.28
5340 91 4.82 9.39
5350 91 5.39 9.50
5360 91 5.96 9.60
5370 91 6.62 9.65
5380 91 7.11 9.63
5390 91 7.58 9.59
5400 91 8.21 9.58
5410 91 8.84 9.55
5420 91 9.46 9.48
5430 91 10.08 9.40
5440 91 10.64 9.26
5450 91 11.20 9.11
5460 91 11.72 8.88
5470 91 12.23 8.61
5480 91 12.59 8.32
5490 91 12.80 8.01
5410 92 0.36 12.52
5420 92 1.07 12.42
5430 92 1.78 12.32
5440 92 2.56 12.14
5450 92 3.36 11.96
5460 92 4.15 11.77
5470 92 4.78 11.57
5480 92 5.41 11.37
5490 92 6.08 11.15
5500 92 6.91 10.81
5510 92 7.75 10.46
5520 92 8.50 10.15
5530 92 9.25 9.85
5540 92 10.00 9.52
5550 92 10.73 9.16
5560 92 11.48 8.81
5570 92 12.28 8.44
5580 92 13.07 8.08
5590 92 13.85 7.82
5600 92 14.63 7.57
5410 93 0.51 13.62
5420 93 1.02 13.43
5430 93 1.53 13.24
5440 93 2.01 13.11
5450 93 2.47 13.02
5460 93 2.92 12.94
5470 93 3.45 12.83
5480 93 4.02 12.71
5490 93 4.59 12.59
5500 93 5.11 12.40
5510 93 5.61 12.17
5520 93 6.11 11.95
5530 93 6.63 11.76
5540 93 7.16 11.58
5550 93 7.68 11.41
5560 93 8.18 11.18
5570 93 8.66 10.91
5580 93 9.14 10.65
5590 93 9.64 10.38
5600 93 10.16 10.10
5480 94 0.36 11.89
5490 94 0.99 11.84
5500 94 1.62 11.79
5510 94 2.16 11.74
5520 94 2.70 11.68
5530 94 3.24 11.53
5540 94 3.77 11.37
5550 94 4.35 11.23
5560 94 4.97 11.10
5570 94 5.59 10.98
5580 94 6.20 10.92
5590 94 6.81 10.86
5600 94 7.42 10.79
5610 94 8.02 10.73
5620 94 8.62 10.67
5630 94 9.22 10.55
5640 94 9.81 10.35
5650 94 10.41 10.15
5660 94 10.97 9.87
5670 94 11.52 9.56
5660 95 0.03 12.33
5670 95 0.51 12.14
5680 95 0.98 11.94
5690 95 1.46 11.75
5700 95 1.94 11.61
5710 95 2.42 11.47
5720 95 2.94 11.33
5730 95 3.49 11.18
5740 95 4.05 11.04
5750 95 4.60 10.91
5760 95 5.13 10.81
5770 95 5.67 10.70
5780 95 6.17 10.56
5790 95 6.67 10.40
5800 95 7.13 10.20
5810 95 7.59 9.98
5820 95 8.04 9.76
5830 95 8.56 9.59
5840 95 9.09 9.43
5850 95 9.62 9.27
5670 96 0.23 11.47
5680 96 0.74 11.29
5690 96 1.26 11.10
5700 96 1.74 10.93
5710 96 2.20 10.75
5720 96 2.69 10.59
5730 96 3.22 10.47
5740 96 3.75 10.34
5750 96 4.30 10.21
5760 96 4.88 10.08
5770 96 5.47 9.94
5780 96 6.01 9.81
5790 96 6.53 9.66
5800 96 7.06 9.52
5810 96 7.55 9.35
5820 96 8.00 9.16
5830 96 8.45 8.96
5840 96 8.97 8.74
5850 96 9.50 8.51
5860 96 10.04 8.29
